# R     VRot    Vrot-sigmaV Vrot+sigmaV
  0.094 201.765 199.265     204.265    
  0.122 218.694 214.694     222.694    
  0.141 232.647 229.647     235.647    
  0.226 245.435 242.435     248.435    
  0.245 254.888 252.888     256.888    
  0.264 256.341 253.841     258.841    
  0.311 248.224 245.224     251.224    
  0.376 250.059 247.059     253.059    
  0.414 251.565 249.065     254.065    
  0.471 250.824 248.324     253.324    
  0.518 248.006 244.006     252.006    
  0.546 243.635 241.635     245.635    
  0.565 239.588 237.588     241.588    
  0.659 229.353 227.353     231.353    
  0.696 229.259 225.259     233.259    
  0.894 222.465 219.465     225.465    
  0.941 220.647 216.647     224.647    
  0.988 217.029 213.029     221.029    
  1.035 215.412 213.412     217.412    
  1.064 212.641 210.641     214.641    
  1.082 215.294 212.294     218.294    
  1.129 216.776 213.776     219.776    
  1.176 217.559 213.559     221.559    
  1.205 216.288 213.288     219.288    
  1.224 212.441 210.441     214.441    
  1.318 197.706 194.706     200.706    
  1.327 214.282 211.282     217.282    
  1.365 208.588 206.588     210.588    
  1.459 197.553 188.553     206.553    
  1.506 207.835 205.335     210.335    
  1.525 209.188 206.188     212.188    
  1.553 205.318 202.318     208.318    
  1.6   201.8   198.8       204.8      
  1.619 195.153 192.153     198.153    
  1.647 198.082 191.082     205.082    
  1.694 200.365 197.365     203.365    
  1.807 201.982 198.982     204.982    
  1.901 200.247 197.247     203.247    
  2.005 199.488 196.488     202.488    
  2.071 195.324 193.324     197.324    
  2.221 193.447 190.447     196.447    
  2.259 190.353 188.353     192.353    
  2.306 189.435 186.435     192.435    
  2.4   189.3   186.3       192.3      
  1.845 201.388 194.388     208.388    
  1.939 198.153 196.653     199.653    
  2.071 191.324 189.824     192.824    
  2.353 188.118 185.118     191.118    
  2.428 193.929 190.929     196.929    
  2.447 190.082 188.582     191.582    
  2.494 189.265 187.265     191.265    
  2.541 190.647 188.647     192.647    
  2.588 187.529 186.029     189.029    
  2.635 189.512 188.012     191.012    
  2.682 189.794 188.294     191.294    
  2.729 188.876 187.376     190.376    
  2.776 188.959 187.459     190.459    
  2.824 192.241 190.241     194.241    
  2.871 189.824 187.824     191.824    
  2.918 192.406 190.906     193.906    
  2.936 193.559 192.059     195.059    
  2.974 185.865 184.365     187.365    
  3.031 190.424 188.924     191.924    
  3.059 193.353 191.853     194.853    
  3.106 191.435 189.935     192.935    
  3.162 191.094 189.594     192.594    
  3.2   187.7   186.2       189.2      
  3.219 191.453 189.953     192.953    
  3.247 196.682 195.182     198.182    
  3.304 201.441 199.941     202.941    
  3.332 197.071 195.571     198.571    
  3.369 193.776 192.276     195.276    
  3.407 195.482 193.982     196.982    
  3.445 197.688 196.188     199.188    
  3.482 197.694 195.694     199.694    
  3.529 199.176 197.176     201.176    
  3.576 197.059 195.059     199.059    
  3.614 196.465 194.965     197.965    
  3.671 195.724 193.724     197.724    
  3.689 198.276 196.776     199.776    
  3.746 197.635 196.135     199.135    
  3.784 201.041 199.541     202.541    
  3.821 201.947 200.447     203.447    
  3.859 202.853 201.353     204.353    
  3.896 198.259 196.759     199.759    
  3.953 201.318 199.818     202.818    
  3.972 207.571 206.071     209.071    
  4.009 210.576 209.076     212.076    
  4.047 212.282 210.782     213.782    
  4.094 212.565 211.065     214.065    
  4.141 214.147 212.647     215.647    
  4.188 214.929 213.429     216.429    
  4.235 213.212 211.712     214.712    
  4.264 206.841 205.641     208.041    
  4.311 207.024 205.524     208.524    
  4.348 208.629 207.129     210.129    
  4.386 208.035 206.035     210.035    
  4.424 219.141 217.641     220.641    
  4.452 215.371 211.871     218.871    
  4.48  221.3   218.3       224.3      
  4.518 212.706 211.206     214.206    
  4.565 201.588 200.088     203.088    
  4.612 200.071 198.071     202.071    
  4.659 202.353 200.353     204.353    
  4.706 199.235 197.735     200.735    
  4.753 199.118 197.618     200.618    
  4.8   208.2   206.7       209.7      
  4.838 206.906 205.406     208.406    
  4.875 207.312 205.812     208.812    
  4.894 213.165 211.665     214.665    
  4.932 210.171 208.171     212.171    
  4.96  212.2   210.7       213.7      
  4.988 212.529 211.029     214.029    
  2.071 201.064 201.064     201.064    
  2.205 195.427 195.427     195.427    
  2.339 190.574 190.574     190.574    
  2.472 191.103 191.103     191.103    
  2.605 189.914 189.914     189.914    
  2.736 191.704 191.704     191.704    
  2.867 192.674 192.674     192.674    
  2.997 190.221 190.221     190.221    
  3.126 193.146 193.146     193.146    
  3.254 217.847 217.847     217.847    
  3.381 216.824 216.824     216.824    
  3.507 200.174 200.174     200.174    
  3.632 197.198 197.198     197.198    
  3.756 199.594 199.594     199.594    
  3.878 202.862 202.862     202.862    
  4.0   208.7   208.7       208.7      
  4.12  235.308 235.308     235.308    
  4.239 212.984 212.984     212.984    
  4.357 212.728 212.728     212.728    
  4.474 214.239 214.239     214.239    
  4.589 211.315 211.315     211.315    
  4.702 206.557 206.557     206.557    
  4.815 209.363 209.363     209.363    
  4.925 211.132 211.132     211.132    
  4.925 202.632 202.632     202.632    
  4.815 204.063 204.063     204.063    
  4.702 200.557 200.557     200.557    
  4.589 204.415 204.415     204.415    
  4.474 203.739 203.739     203.739    
  4.357 205.328 205.328     205.328    
  4.239 209.084 209.084     209.084    
  4.12  230.108 230.108     230.108    
  4.0   224.5   224.5       224.5      
  3.878 224.462 224.462     224.462    
  3.756 219.795 219.795     219.795    
  3.632 201.198 201.198     201.198    
  3.507 200.074 200.074     200.074    
  3.381 202.324 202.324     202.324    
  3.254 206.147 206.147     206.147    
  3.126 203.246 203.246     203.246    
  2.997 197.922 197.922     197.922    
  2.867 199.174 199.174     199.174    
  2.736 196.804 196.804     196.804    
  2.605 198.914 198.914     198.914    
  2.472 199.804 199.804     199.804    
  2.339 208.375 208.375     208.375    
  2.205 204.628 204.628     204.628    
  2.071 212.064 212.064     212.064    
  2.8   196.0   180.0       212.0      
  3.6   208.0   193.0       223.0      
  4.4   215.0   195.0       235.0      
