vc R sigmaminus sigmaplus
197.70677427243822 0.094 2.5 2.5
214.36659329909511 0.122 4.0 4.0
228.08327219369036 0.141 3.0 3.0
240.89435069699192 0.226 3.0 3.0
250.20897529958424 0.245 2.0 1.9999999999999716
251.69772560528244 0.264 2.5 2.5
243.92406456346293 0.311 3.0 3.0
245.94962093421373 0.376 3.0 3.0
247.55759354365367 0.414 2.5 2.5
247.03484959647835 0.471 2.5 2.5
244.44485204206404 0.518 4.0 4.0
240.26828075324036 0.546 2.0 2.0
236.3767424798239 0.565 2.0 2.0
226.69784788456835 0.659 2.0 2.0
226.73709953533867 0.696 4.0 4.0
220.79310344827584 0.894 3.0 3.0
219.1813401809733 0.941 4.0 4.0
215.80875519686964 0.988 4.0 4.0
214.39361702127658 1.035 2.0 2.0
211.7857666911225 1.064 2.0 2.0
214.44485204206407 1.082 3.0 3.0
216.0612619222304 1.129 3.0 3.0
216.99388603570554 1.176 4.0 4.0
215.8533871362191 1.205 3.0 3.0
212.15749572022497 1.224 2.0 2.0
198.07654683296647 1.318 3.0 3.0
214.3236732697481 1.327 3.0 3.0
208.88835901198334 1.365 2.0 2.0
198.42687698703838 1.459 9.0 9.0
208.6517485937882 1.506 2.5 2.5
210.0426754707752 1.525 3.0 3.0
206.35619955979456 1.553 3.0 3.0
203.08143800440206 1.6 3.0 3.0
196.64649058449496 1.619 3.0 3.0
199.61102959158717 1.647 7.0 7.0
202.01100513573 1.694 3.0 3.0
203.99351919784786 1.807 3.0 3.0
202.6296160430423 1.901 3.0 3.0
202.2559305453656 2.005 3.0 3.0
198.41660552702373 2.071 2.0 2.0
197.11237466373197 2.221 3.0 3.0
194.2204695524578 2.259 2.0 2.0
193.4891171435559 2.306 3.0 3.0
193.69038884812912 2.4 3.0 3.0
203.54719980435314 1.845 7.0 7.0
200.7159452188799 1.939 1.5 1.5
194.50366837857666 2.071 1.5 1.5
192.36744925409633 2.353 3.0 3.0
198.3179261433113 2.428 3.0 3.0
194.62203472731719 2.447 1.5 1.5
193.9894839814135 2.494 2.0 2.0
195.50807043286864 2.541 2.0 2.0
192.62460259232085 2.588 1.5 1.5
194.73110785033015 2.635 1.5 1.5
195.17363658596233 2.682 1.5 1.5
194.4422841770604 2.729 1.5 1.5
194.69014428955734 2.776 1.5 1.5
198.0709219858156 2.824 2.0 2.0
195.87319638053313 2.871 2.0 2.0
198.5656639765224 2.918 1.5 1.5
199.75739789679625 2.936 1.5 1.5
192.36561506480803 2.974 1.5 1.5
197.02751283932503 3.031 1.5 1.5
199.9920518464172 3.059 1.5 1.5
198.2824651504035 3.106 1.5 1.5
198.14746881878207 3.162 1.5 1.5
194.9620934213744 3.2 1.5 1.5
198.70078258742967 3.219 1.5 1.5
203.9152604548789 3.247 1.5 1.5
208.7728050868183 3.304 1.5 1.5
204.5972120322817 3.332 1.5 1.5
201.50513573000734 3.369 1.5 1.5
203.30875519686964 3.407 1.5 1.5
205.60149180728783 3.445 1.5 1.5
205.73856688676938 3.482 2.0 2.0
207.35497676693566 3.529 2.0 2.0
205.45072144778672 3.576 2.0 2.0
205.004402054292 3.614 1.5 1.5
204.48165810711663 3.671 2.0 2.0
207.0419417950599 3.689 1.5 1.5
206.61702127659572 3.746 1.5 1.5
210.08363903154805 3.784 1.5 1.5
211.10112496943015 3.821 1.5 1.5
212.12215700660306 3.859 1.5 1.5
207.75935436537048 3.896 1.5 1.5
210.95390070921985 3.953 1.5 1.5
217.1381755930545 3.972 1.5 1.5
220.20897529958424 4.009 1.5 1.5
222.01259476644654 4.047 1.5 1.5
222.45610173636584 4.094 1.5 1.5
224.17033504524332 4.141 1.5 1.5
225.1019809244314 4.188 1.5 1.5
223.58901932012716 4.235 1.5 1.5
217.45952555637075 4.264 1.200000000000017 1.1999999999999886
217.80520909757885 4.311 1.5 1.5
219.5064808021521 4.348 1.5 1.5
219.06016140865734 4.386 2.0 2.0
230.05918317437025 4.424 1.5 1.5
226.47053069210077 4.452 3.5 3.5
232.36977256052825 4.48 3.0 3.0
224.0975788701394 4.518 1.5 1.5
213.38823673269746 4.565 1.5 1.5
212.07092198581557 4.612 2.0 2.0
214.46991929567133 4.659 2.0 2.0
211.5864514551235 4.706 1.5 1.5
211.63866471019807 4.753 1.5 1.5
220.68965517241378 4.8 1.5 1.5
219.5585717779408 4.838 1.5 1.5
220.08694057226705 4.875 1.5 1.5
225.879921741257 4.894 1.5 1.5
223.08584005869403 4.932 2.0 2.0
225.16996820738564 4.96 1.5 1.5
225.59109806798728 4.988 1.5 1.5
204.03167033504522 2.071 0.0 0.0
198.99254096356077 2.205 0.0 0.0
194.7203472731719 2.339 0.0 0.0
195.7094644167278 2.472 0.0 0.0
195.01797505502563 2.605 0.0 0.0
197.23355343604794 2.736 0.0 0.0
198.64697970163851 2.867 0.0 0.0
196.7083639031548 2.997 0.0 0.0
200.02714600146732 3.126 0.0 0.0
224.64441183663484 3.254 0.0 0.0
224.09403277084863 3.381 0.0 0.0
208.25324040107603 3.507 0.0 0.0
205.78527757397896 3.632 0.0 0.0
208.5688432379555 3.756 0.0 0.0
212.19833700171188 3.878 0.0 0.0
218.34189288334554 4.0 0.0 0.0
244.79628270970895 4.12 0.0 0.0
223.3801662998288 4.239 0.0 0.0
223.54817803864023 4.357 0.0 0.0
225.44118366348738 4.474 0.0 0.0
222.9886280264123 4.589 0.0 0.0
218.73489850819269 4.702 0.0 0.0
221.88053313768646 4.815 0.0 0.0
224.00110051357296 4.925 0.0 0.0
215.686109073123 4.925 0.0 0.0
216.6958914159941 4.815 0.0 0.0
212.86549278552212 4.702 0.0 0.0
216.23881144534113 4.589 0.0 0.0
215.16972364881386 4.474 0.0 0.0
216.30924431401317 4.357 0.0 0.0
219.56505258009292 4.239 0.0 0.0
239.7094644167278 4.12 0.0 0.0
233.7979946197114 4.0 0.0 0.0
233.32819760332595 3.878 0.0 0.0
228.3301540719002 3.756 0.0 0.0
209.698214722426 3.632 0.0 0.0
208.15541697236486 3.507 0.0 0.0
209.90963560772806 3.381 0.0 0.0
213.19907067742722 3.254 0.0 0.0
209.90731230129614 3.126 0.0 0.0
204.24174614820248 2.997 0.0 0.0
205.005502567865 2.867 0.0 0.0
202.22254830031792 2.736 0.0 0.0
203.82208363903152 2.605 0.0 0.0
204.22108094888722 2.472 0.0 0.0
212.1338958180484 2.339 0.0 0.0
207.99327463927608 2.205 0.0 0.0
214.79224749327463 2.071 0.0 0.0
201.66299828809 2.8 16.0 16.0
216.23868916605525 3.6 15.0 15.0
225.92320860846172 4.4 20.0 20.0
