vc R sigmaminus sigmaplus
184.58201359745658 1.3917792 11.431243899999998 11.431243899999998
185.9267602836879 1.4917792 10.932495099999983 10.932495100000011
176.03358992418683 1.5917792 15.459259099999997 15.459259000000003
168.1367274272438 1.6917791 16.41798399999999 16.41798399999999
178.42843091220345 1.7917792 20.409729 20.409729
188.74652482269502 1.8917792 18.559234599999996 18.559234599999996
190.37898312545855 1.9917792 17.174621599999995 17.174621599999995
190.39427106872094 2.0917792 14.638458299999996 14.638458200000002
183.64447846661776 2.1917791 16.10742190000002 16.10742189999999
180.6234126559061 2.2917793 14.804855400000008 14.804855300000014
187.02783810222547 2.3917792 10.702682500000009 10.70268249999998
192.48992769625823 2.4917793 14.209945699999992 14.209945699999992
196.6254246025923 2.5917792 11.646484399999991 11.646484399999991
192.30673887258496 2.6917791 11.970611600000012 11.970611600000012
187.75858539985325 2.791779 14.353118899999998 14.353118899999998
188.55864279775005 2.8917792 13.822784399999989 13.822784399999989
192.220172939594 2.9917793 10.205718999999988 10.205719000000016
195.98221941795057 3.0917792 5.998260500000015 5.9982604999999865
198.14845567375886 3.1917791 5.963806200000022 5.963806099999999
202.8219545365615 3.291779 6.298141500000014 6.298141499999986
203.47120772805087 3.3917792 4.5847320000000025 4.5847320999999965
204.66883716067497 3.4917793 4.05618290000001 4.056182799999988
204.7070524822695 3.5917792 4.4195251000000155 4.41952520000001
204.8396940205429 3.6917791 4.697952299999997 4.697952200000003
208.6647008926388 3.7917793 4.628234900000024 4.628234899999995
211.54910393739297 3.8917792 4.215042099999977 4.215042100000005
217.05206279041326 3.9917793 6.513275099999987 6.5132751000000155
222.95748965517242 4.0917792 4.582199099999997 4.582199099999997
222.78359707752506 4.1917791 3.8456269000000134 3.845626799999991
221.7198653582783 4.2917795 4.5731964000000005 4.5731964000000005
225.0962968329665 4.3917789 4.636856099999989 4.636856099999989
223.99627839325018 4.4917793 5.881805500000013 5.88180539999999
218.35589562240156 4.5917792 8.572921699999995 8.572921799999989
215.56905943996085 4.6917791 9.48048399999999 9.480484000000018
218.1775574101247 4.7917795 8.265411400000005 8.265411399999977
223.70345926876985 4.8917789 5.310882499999991 5.3108826000000136
223.56531551724137 4.9917793 5.839538599999997 5.839538599999997
218.0547500122279 5.0917792 9.625015200000007 9.625015300000001
215.2312688799217 5.1917791 9.637252799999999 9.637252799999999
215.72101556615308 5.2917795 7.566253700000004 7.56625360000001
216.06027257275613 5.3917789 5.513015799999977 5.513015700000011
218.14362033504523 5.4917793 4.794448799999998 4.79444890000002
219.545162668134 5.5917797 6.624008199999992 6.624008199999992
220.51562378332108 5.6917791 8.127655000000004 8.127655000000004
221.94092928588898 5.7917795 6.119735700000007 6.119735800000001
221.39175088041083 5.8917789 6.365371699999997 6.365371700000026
224.25333058204941 5.9917793 7.146637000000027 7.146636899999976
227.9140543286867 6.0917797 7.135772700000018 7.13577269999999
