vc R sigmaminus sigmaplus
181.054465 1.3917792 -11.431243899999998 11.431243899999998
182.54163229999997 1.4917792 -10.932495099999983 10.932495100000011
172.54083889999998 1.5917792 -15.459259099999997 15.459259000000003
164.5807711 1.6917791 -16.41798399999999 16.41798399999999
175.2139651 1.7917792 -20.409729 20.409729
185.87413659999999 1.8917792 -18.559234599999996 18.559234599999996
187.6554171 1.9917792 -17.174621599999995 17.174621599999995
187.7835452 2.0917792 -14.638458299999996 14.638458200000002
180.9960696 2.1917791 -16.10742190000002 16.10742189999999
178.02028529999998 2.2917793 -14.804855400000008 14.804855300000014
184.6797091 2.3917792 -10.702682500000009 10.70268249999998
190.3758303 2.4917793 -14.209945699999992 14.209945699999992
194.7158419 2.5917792 -11.646484399999991 11.646484399999991
190.4135653 2.6917791 -11.970611600000012 11.970611600000012
185.8767153 2.791779 -14.353118899999998 14.353118899999998
186.8070742 2.8917792 -13.822784399999989 13.822784399999989
190.66257349999998 2.9917793 -10.205718999999988 10.205719000000016
194.6208254 3.0917792 -5.998260500000015 5.9982604999999865
196.9477603 3.1917791 -5.963806200000022 5.963806099999999
201.8377444 3.291779 -6.298141500000014 6.298141499999986
202.6139437 3.3917792 -4.5847320000000025 4.5847320999999965
203.9507205 3.4917793 -4.05618290000001 4.056182799999988
204.102286 3.5917792 -4.4195251000000155 4.41952520000001
204.3503787 3.6917791 -4.697952299999997 4.697952200000003
208.3729922 3.7917793 -4.628234900000024 4.628234899999995
211.43407309999998 3.8917792 -4.215042099999977 4.215042100000005
217.1719729 3.9917793 -6.513275099999987 6.5132751000000155
223.3212954 4.0917792 -4.582199099999997 4.582199099999997
223.2560336 4.1917791 -3.8456269000000134 3.845626799999991
222.2811343 4.2917795 -4.5731964000000005 4.5731964000000005
225.8451907 4.3917789 -4.636856099999989 4.636856099999989
224.8331973 4.4917793 -5.881805500000013 5.88180539999999
219.1798159 4.5917792 -8.572921699999995 8.572921799999989
216.44347249999998 4.6917791 -9.48048399999999 9.480484000000018
219.22251 4.7917795 -8.265411400000005 8.265411399999977
224.9838625 4.8917789 -5.310882499999991 5.3108826000000136
224.9551455 4.9917793 -5.839538599999997 5.839538599999997
219.4344698 5.0917792 -9.625015200000007 9.625015300000001
216.6606661 5.1917791 -9.637252799999999 9.637252799999999
217.2738101 5.2917795 -7.566253700000004 7.56625360000001
217.73311489999998 5.3917789 -5.513015799999977 5.513015700000011
219.97531759999998 5.4917793 -4.794448799999998 4.79444890000002
221.5205447 5.5917797 -6.624008199999992 6.624008199999992
222.6250979 5.6917791 -8.127655000000004 8.127655000000004
224.1946169 5.7917795 -6.119735700000007 6.119735800000001
223.74571859999998 5.8917789 -6.365371699999997 6.365371700000026
226.7834689 5.9917793 -7.146637000000027 7.146636899999976
230.6381442 6.0917797 -7.135772700000018 7.13577269999999
