       Radius (kpc)   Tb (K)          Tb-sigma T       Tb+sigma T
-----------------------------------------------------------------
       1.3891852       0.2482546      -2.2099016       2.7064106
       1.3941852      -0.1914309      -2.4306254       2.0477633
       1.3991852      -0.2748729      -2.3171716       1.7674257
       1.4041852       0.0964256      -1.8502486       2.0430999
       1.4091852       0.5634567      -1.3354839       2.4623971
       1.4141852       0.7673156      -1.1366100       2.6712410
       1.4191852       0.6411192      -1.2251948       2.5074334
       1.4241852       0.4780489      -1.2115179       2.1676159
       1.4291852       0.6198629      -0.9879441       2.2276697
       1.4341851       1.0965328      -0.7864392       2.9795048
       1.4391851       1.7891542      -0.6053377       4.1836462
       1.4441851       2.5780337      -0.2291048       5.3851719
       1.4491851       3.1269927       0.2087770       6.0452085
       1.4541852       3.0835230       0.2510645       5.9159813
       1.4591852       2.6174567      -0.0109770       5.2458906
       1.4641852       2.0894501      -0.3347867       4.5136871
       1.4691852       1.6359385      -0.6838006       3.9556775
       1.4741852       1.3921459      -0.8458102       3.6301019
       1.4791852       1.3043654      -0.7797611       3.3884919
       1.4841852       1.1212769      -0.7191815       2.9617352
       1.4891852       0.9441026      -0.7296365       2.6178417
       1.4941852       1.1113918      -0.7148517       2.9376354
       1.4991852       1.4878744      -0.7028216       3.6785703
       1.5041852       1.4878674      -1.1345577       4.1102924
       1.5091852       0.9690489      -1.8959442       3.8340421
       1.5141852       0.5661393      -2.1897957       3.3220742
       1.5191852       0.8251075      -1.7726990       3.4229140
       1.5241852       1.5234687      -0.8473635       3.8943009
       1.5291852       2.1134164       0.1792758       4.0475569
       1.5341852       2.2965667       0.7682405       3.8248930
       1.5391852       2.0621402       0.6031092       3.5211711
       1.5441852       1.6115550       0.0860655       3.1370444
       1.5491852       1.2326325      -0.2850462       2.7503114
       1.5541852       0.9450417      -0.6230732       2.5131564
       1.5591851       0.5939287      -1.0724193       2.2602768
       1.5641851       0.2515102      -1.4033501       1.9063704
       1.5691851       0.0859874      -1.4741342       1.6461091
       1.5741851       0.1226874      -1.4087915       1.6541662
       1.5791852       0.2366385      -1.4244452       1.8977222
       1.5841851       0.2952540      -1.5871345       2.1776423
       1.5891852       0.3653574      -1.6353681       2.3660829
       1.5941852       0.5125170      -1.3693379       2.3943720
       1.5991852       0.6200075      -0.9832504       2.2232654
       1.6041852       0.6669801      -0.7424725       2.0764327
       1.6091852       0.7372436      -0.6756404       2.1501276
       1.6141852       0.7799287      -0.7239164       2.2837739
       1.6191852       0.6899754      -0.8899348       2.2698855
       1.6241852       0.4938695      -1.0737402       2.0614793
       1.6291852       0.3031285      -1.1823108       1.7885678
       1.6341852       0.2622490      -1.2411134       1.7656114
       1.6391852       0.4973105      -1.2061341       2.2007551
       1.6441852       0.8857865      -0.9918956       2.7634685
       1.6491852       1.0968981      -0.8225187       3.0163150
       1.6541852       1.0170954      -0.8516064       2.8857973
       1.6591852       0.8523375      -0.8781708       2.5828459
       1.6641852       0.7342017      -0.8183833       2.2867868
       1.6691852       0.6133342      -0.7877390       2.0144074
       1.6741852       0.4915197      -0.8658963       1.8489358
       1.6791852       0.3887933      -1.0411661       1.8187525
       1.6841851       0.2197656      -1.2510483       1.6905794
       1.6891851      -0.0692288      -1.4447225       1.3062648
       1.6941853      -0.3618303      -1.5803889       0.8567284
       1.6991851      -0.5081588      -1.6594615       0.6431439
       1.7041852      -0.4703281      -1.6793612       0.7387050
       1.7091851      -0.2685148      -1.6025540       1.0655245
       1.7141852       0.0488473      -1.3751737       1.4728683
       1.7191851       0.3605756      -1.0759921       1.7971435
       1.7241852       0.5984628      -0.8469276       2.0438533
       1.7291852       0.7939313      -0.6523433       2.2402060
       1.7341852       0.9205323      -0.4784220       2.3194866
       1.7391852       0.9752740      -0.4457434       2.3962915
       1.7441852       1.1260425      -0.4804384       2.7325234
       1.7491852       1.4701248      -0.3176363       3.2578859
       1.7541852       1.7872149      -0.0250840       3.5995138
       1.7591852       1.8053342       0.0395542       3.5711141
       1.7641852       1.5028607      -0.2247039       3.2304254
       1.7691852       1.0643388      -0.6199871       2.7486649
       1.7741852       0.7373794      -0.8948147       2.3695734
       1.7791852       0.6489918      -0.8931767       2.1911602
       1.7841852       0.7214510      -0.6299852       2.0728872
       1.7891852       0.7772026      -0.3710973       1.9255025
       1.7941852       0.6771546      -0.4302307       1.7845399
       1.7991852       0.4674439      -0.6766526       1.6115403
       1.8041852       0.3481384      -0.7740505       1.4703274
       1.8091851       0.3835757      -0.6776749       1.4448262
       1.8141851       0.3917854      -0.6242979       1.4078686
       1.8191851       0.2319034      -0.8138857       1.2776926
       1.8241851       0.0304658      -1.1058848       1.1668165
       1.8291852      -0.0487203      -1.3146878       1.2172471
       1.8341851      -0.0810808      -1.4073293       1.2451677
       1.8391852      -0.1830171      -1.4247941       1.0587598
       1.8441851      -0.2855253      -1.3693094       0.7982590
       1.8491852      -0.3339176      -1.3261155       0.6582803
       1.8541852      -0.3734147      -1.4014745       0.6546451
       1.8591852      -0.3771452      -1.5313973       0.7771070
       1.8641852      -0.2747113      -1.6011103       1.0516876
       1.8691852      -0.0880755      -1.6627225       1.4865714
       1.8741852       0.1814195      -1.7204819       2.0833209
       1.8791852       0.5894479      -1.5456102       2.7245061
       1.8841852       1.0069460      -1.0749799       3.0888720
       1.8891852       1.1492994      -0.6454090       2.9440079
       1.8941852       0.9519911      -0.5338540       2.4378362
       1.8991852       0.6078833      -0.6807420       1.8965085
       1.9041852       0.2395062      -1.0077914       1.4868037
       1.9091852      -0.1141255      -1.4217879       1.1935369
       1.9141852      -0.3558134      -1.7757056       1.0640788
       1.9191852      -0.4890642      -2.1015930       1.1234647
       1.9241852      -0.6530666      -2.6514330       1.3453000
       1.9291852      -0.7313247      -3.4038012       1.9411519
       1.9341853      -0.3663460      -3.8662062       3.1335139
       1.9391851       0.4123160      -3.5797307       4.4043627
       1.9441853       1.0522768      -2.7710001       4.8755541
       1.9491851       1.1484240      -2.0998335       4.3966813
       1.9541852       0.8303921      -1.9772046       3.6379888
       1.9591851       0.3904908      -2.4790025       3.2599840
       1.9641852      -0.0021142      -3.2300348       3.2258067
       1.9691851      -0.1510145      -3.5285287       3.2264996
       1.9741852       0.0749336      -2.9874513       3.1373184
       1.9791851       0.4643154      -1.9376400       2.8662708
       1.9841852       0.7330226      -1.0498431       2.5158882
       1.9891851       0.9250240      -0.6042675       2.4543157
       1.9941852       1.2429842      -0.4540662       2.9400344
       1.9991852       1.6222386      -0.5854247       3.8299019
       2.0041852       1.7606734      -1.1355451       4.6568918
       2.0091853       1.6277411      -1.8027380       5.0582199
       2.0141852       1.6652412      -1.9708555       5.3013382
       2.0191851       2.2158349      -1.3864088       5.8180785
       2.0241852       2.9615037      -0.3362925       6.2593002
       2.0291853       3.2927296       0.4422438       6.1432152
       2.0341852       2.9843192       0.4189579       5.5496807
       2.0391850       2.2427425      -0.1796217       4.6651068
       2.0441852       1.4797359      -0.8213947       3.7808664
       2.0491853       1.0912470      -1.2356178       3.4181118
       2.0541852       1.0814525      -1.3618733       3.5247784
       2.0591850       1.0484791      -1.3619442       3.4589024
       2.0641851       0.8543032      -1.4045743       3.1131806
       2.0691853       0.8289298      -1.3751776       3.0330374
       2.0741851       1.1666566      -1.1051379       3.4384513
       2.0791852       1.6530401      -0.5731844       3.8792644
       2.0841851       1.9545245      -0.1058023       4.0148516
       2.0891852       1.9683044       0.0237758       3.9128330
       2.0941851       1.8977231       0.0015671       3.7938790
       2.0991852       1.9285306       0.0816071       3.7754540
       2.1041851       1.8799990       0.0403006       3.7196975
       2.1091852       1.4586327      -0.5467901       3.4640555
       2.1141851       0.8452131      -1.3484578       3.0388842
       2.1191852       0.5848824      -1.7542862       2.9240508
       2.1241851       0.7805107      -1.6997695       3.2607908
       2.1291852       0.8805296      -1.7029338       3.4639931
       2.1341853       0.5526574      -2.0560439       3.1613586
       2.1391852       0.1827904      -2.2281070       2.5936880
       2.1441851       0.0738932      -2.1488543       2.2966409
       2.1491852       0.0500944      -2.4073718       2.5075605
       2.1541853       0.1047088      -2.9368989       3.1463163
       2.1591852       0.3184562      -3.1394405       3.7763529
       2.1641850       0.4007666      -3.0233588       3.8248920
       2.1691852       0.1995249      -2.8670878       3.2661376
       2.1741853       0.1333989      -2.5646317       2.8314292
       2.1791852       0.5078189      -2.0768447       3.0924826
       2.1841850       1.1022663      -1.5251877       3.7297204
       2.1891851       1.5174074      -1.1114855       4.1463003
       2.1941853       1.5093390      -0.9483246       3.9670024
       2.1991851       1.2578094      -0.7930200       3.3086388
       2.2041852       1.0486023      -0.5344502       2.6316547
       2.2091851       0.8170505      -0.4936947       2.1277957
       2.2141852       0.4824714      -0.7327186       1.6976613
       2.2191851       0.2203549      -1.0384576       1.4791675
       2.2241852       0.1932060      -1.3616440       1.7480559
       2.2291851       0.3414650      -1.5772154       2.2601454
       2.2341852       0.4843328      -1.5897400       2.5584056
       2.2391851       0.5227591      -1.4076195       2.4531376
       2.2441852       0.5009729      -1.0837075       2.0856533
       2.2491851       0.5049404      -0.7521385       1.7620193
       2.2541852       0.5469645      -0.5752748       1.6692039
       2.2591853       0.5695912      -0.5454211       1.6846035
       2.2641852       0.5755799      -0.5153228       1.6664826
       2.2691851       0.6170059      -0.4274889       1.6615007
       2.2741852       0.6351846      -0.4605822       1.7309513
       2.2791853       0.5249725      -0.7700049       1.8199499
       2.2841852       0.2709692      -1.2310001       1.7729386
       2.2891850      -0.0071200      -1.5958754       1.5816354
       2.2941852      -0.0676379      -1.6653477       1.5300719
       2.2991853       0.1723011      -1.3957245       1.7403266
       2.3041852       0.4809756      -0.9728863       1.9348376
       2.3091850       0.6071566      -0.7502154       1.9645287
       2.3141851       0.5140281      -0.8012112       1.8292674
       2.3191853       0.2758736      -1.0055946       1.5573417
       2.3241851      -0.0533112      -1.3800161       1.2733936
       2.3291852      -0.3710260      -1.8386114       1.0965595
       2.3341851      -0.4973998      -2.1430111       1.1482115
       2.3391852      -0.3490067      -2.1416605       1.4436471
       2.3441851       0.0499282      -1.8240099       1.9238663
       2.3491852       0.6289183      -1.2689500       2.5267868
       2.3541851       1.1288360      -0.8156657       3.0733378
       2.3591852       1.2517208      -0.9402121       3.4436536
       2.3641851       1.0122585      -1.4382334       3.4627504
       2.3691852       0.6800186      -1.7290888       3.0891261
       2.3741851       0.4821000      -1.6161137       2.5803137
       2.3791852       0.4781884      -1.3209369       2.2773137
       2.3841853       0.5433062      -1.1160738       2.2026863
       2.3891852       0.4611571      -1.0954478       2.0177619
       2.3941851       0.1947103      -1.2452128       1.6346335
       2.3991852      -0.0823671      -1.5540822       1.3893480
       2.4041853      -0.2627575      -2.0614855       1.5359707
       2.4091852      -0.2762416      -2.5160620       1.9635789
       2.4141850       0.0844394      -2.4263220       2.5952010
       2.4191852       0.7648852      -1.6296904       3.1594608
       2.4241853       1.2726153      -0.7237337       3.2689643
       2.4291852       1.2722452      -0.4381224       2.9826126
       2.4341850       0.9232326      -0.6012448       2.4477100
       2.4391851       0.5774872      -0.7018872       1.8568617
       2.4441853       0.3585828      -0.8545661       1.5717316
       2.4491851       0.1666397      -1.5071859       1.8404653
       2.4541850      -0.0275948      -2.7338150       2.6786253
       2.4591851      -0.2166604      -4.2345791       3.8012581
       2.4641852      -0.3707756      -5.5024185       4.7608671
       2.4691851      -0.2514371      -6.1692696       5.6663952
       2.4741850       0.0035633      -6.7157536       6.7228804
       2.4791851      -0.6441647      -8.2192612       6.9309316
       2.4841852      -2.4349284     -10.1136417       5.2437849
       2.4891853      -3.7383718     -10.5911350       3.1143918
       2.4941852      -3.5016191      -9.8283520       2.8251140
       2.4991851      -2.4870424      -8.8916454       3.9175601
       2.5041852      -1.2387587      -7.9264903       5.4489732
       2.5091853       0.4481981      -6.1884141       7.0848098
       2.5141852       2.1408696      -3.8416071       8.1233463
       2.5191851       3.4481897      -2.0384851       8.9348640
       2.5241852       4.5495977      -1.0536985      10.1528940
       2.5291853       5.0057578      -0.9280534      10.9395695
       2.5341852       4.1670356      -2.0399375      10.3740082
       2.5391850       2.4523973      -3.7449827       8.6497774
       2.5441852       0.9365792      -5.1434503       7.0166087
       2.5491853       0.1759545      -5.9022741       6.2541828
       2.5541852       0.1776816      -5.8294330       6.1847959
       2.5591850       0.8911244      -4.7886505       6.5708990
       2.5641851       1.8948572      -3.1006043       6.8903189
       2.5691853       2.4110053      -1.8672826       6.6892929
       2.5741851       2.2125974      -1.8581963       6.2833910
       2.5791850       1.5805539      -2.7685461       5.9296541
       2.5841851       0.6973873      -3.9518547       5.3466291
       2.5891852      -0.0522670      -4.5621886       4.4576545
       2.5941851      -0.0889159      -4.0615487       3.8837168
       2.5991850       0.4277074      -2.7786787       3.6340935
       2.6041851       0.8745151      -1.4875889       3.2366190
       2.6091852       1.1557568      -0.6327890       2.9443026
       2.6141853       1.3682408      -0.2225695       2.9590511
       2.6191852       1.3386148      -0.2567210       2.9339507
       2.6241851       1.0840812      -0.5791906       2.7473531
       2.6291852       0.9716355      -0.8415535       2.7848246
       2.6341853       1.0918646      -0.9950933       3.1788225
       2.6391852       1.0990989      -1.2668173       3.4650152
       2.6441851       0.8329282      -1.6766770       3.3425333
       2.6491852       0.5024319      -2.0164046       3.0212684
       2.6541853       0.3442825      -2.2535896       2.9421544
       2.6591852       0.4696181      -2.2488322       3.1880684
       2.6641850       0.6855380      -1.9489281       3.3200042
       2.6691852       0.7254114      -1.6314163       3.0822392
       2.6741853       0.6676431      -1.4288781       2.7641642
       2.6791852       0.6420012      -1.3579483       2.6419506
       2.6841850       0.6689209      -1.4192127       2.7570543
       2.6891851       0.8221419      -1.4266057       3.0708895
       2.6941853       1.0355419      -1.2484871       3.3195710
       2.6991851       1.0002416      -1.2180125       3.2184958
       2.7041850       0.6284856      -1.5947220       2.8516934
       2.7091851       0.3886469      -1.9155774       2.6928711
       2.7141852       0.6507889      -1.7412957       3.0428734
       2.7191851       1.0377783      -1.2618378       3.3373942
       2.7241850       1.0882007      -0.9591328       3.1355343
       2.7291851       0.8920928      -0.7546434       2.5388288
       2.7341852       0.7059064      -0.4590865       1.8708993
       2.7391853       0.5860754      -0.2732012       1.4453520
       2.7441852       0.5342051      -0.4432132       1.5116234
       2.7491851       0.6895233      -0.7096928       2.0887394
       2.7541852       1.1387756      -0.6932441       2.9707952
       2.7591853       1.6899800      -0.4150343       3.7949944
       2.7641852       2.0419240      -0.1827624       4.2666101
       2.7691851       2.0046809      -0.1931043       4.2024660
       2.7741852       1.6890785      -0.2778271       3.6559839
       2.7791853       1.4793593      -0.1660401       3.1247587
       2.7841852       1.5664614       0.0312452       3.1016777
       2.7891850       1.7858626       0.1547996       3.4169254
       2.7941852       1.8986573       0.1677855       3.6295290
       2.7991853       1.7779145       0.0553353       3.5004938
       2.8041852       1.4415379      -0.1538689       3.0369446
       2.8091850       0.9997937      -0.4073737       2.4069612
       2.8141851       0.5626237      -0.6483080       1.7735553
       2.8191853       0.1928009      -0.8206128       1.2062145
       2.8241851      -0.0704716      -0.9007131       0.7597700
       2.8291850      -0.1806456      -0.9182125       0.5569212
       2.8341851      -0.1125735      -0.9181806       0.6930338
       2.8391852       0.1254310      -0.8353178       1.0861797
       2.8441851       0.4703792      -0.5748915       1.5156498
       2.8491850       0.7470928      -0.2945822       1.7887678
       2.8541851       0.8098384      -0.3249228       1.9445996
       2.8591852       0.7272970      -0.5890794       2.0436735
       2.8641853       0.6529145      -0.7734972       2.0793262
       2.8691852       0.6519486      -0.7748700       2.0787673
       2.8741851       0.7801762      -0.5848113       2.1451635
       2.8791852       1.0592488      -0.1911356       2.3096333
       2.8841853       1.3462763       0.2717638       2.4207888
       2.8891852       1.4799894       0.5141850       2.4457939
       2.8941851       1.4406812       0.3951766       2.4861858
       2.8991852       1.2884407       0.0465406       2.5303407
       2.9041853       1.1596823      -0.2872206       2.6065850
       2.9091852       1.2029258      -0.4145132       2.8203650
       2.9141850       1.3028667      -0.3968652       3.0025988
       2.9191852       1.2242790      -0.4651610       2.9137192
       2.9241853       1.0407510      -0.5681785       2.6496806
       2.9291852       0.9677361      -0.5397760       2.4752483
       2.9341850       0.9698251      -0.4122255       2.3518758
       2.9391851       0.9394591      -0.2827037       2.1616220
       2.9441853       0.8885798      -0.2289941       2.0061538
       2.9491851       0.8301399      -0.2895401       1.9498200
       2.9541850       0.7974581      -0.3806692       1.9755853
       2.9591851       0.7995771      -0.4560842       2.0552382
       2.9641852       0.7132330      -0.5963281       2.0227942
       2.9691851       0.4705957      -0.8165153       1.7577068
       2.9741850       0.2816237      -0.9715249       1.5347722
       2.9791851       0.4114303      -0.9805087       1.8033694
       2.9841852       0.7895808      -0.7994677       2.3786292
       2.9891851       1.1366007      -0.5608908       2.8340921
       2.9941852       1.3670630      -0.3239383       3.0580645
       2.9991851       1.5698026      -0.0119990       3.1516042
       3.0041852       1.7535048       0.2625971       3.2444124
       3.0091853       1.8106762       0.2904400       3.3309126
       3.0141852       1.7497485       0.1321654       3.3673315
       3.0191851       1.7848785       0.0436425       3.5261145
       3.0241852       2.0747383       0.1486306       4.0008459
       3.0291853       2.6395683       0.4721882       4.8069487
       3.0341852       3.3921363       1.0376205       5.7466521
       3.0391850       4.0800910       1.6299372       6.5302448
       3.0441852       4.4293556       1.8446279       7.0140834
       3.0491853       4.2478652       1.4713612       7.0243692
       3.0541852       3.5167732       0.6339700       6.3995762
       3.0591850       2.5362129      -0.1940808       5.2665067
       3.0641851       1.7596612      -0.5321453       4.0514679
       3.0691853       1.4654084      -0.3373756       3.2681925
       3.0741851       1.5999616       0.0225701       3.1773531
       3.0791850       1.8789774       0.2988721       3.4590826
       3.0841851       2.0602734       0.4436052       3.6769416
       3.0891852       2.1407170       0.4871591       3.7942748
       3.0941851       2.2815354       0.5616633       4.0014076
       3.0991850       2.5217805       0.7636241       4.2799368
       3.1041851       2.6544614       0.9218651       4.3870578
       3.1091852       2.4580212       0.7041097       4.2119327
       3.1141851       1.9618549       0.1715995       3.7521105
       3.1191852       1.4620633      -0.2406046       3.1647313
       3.1241851       1.2515997      -0.3146327       2.8178320
       3.1291852       1.3275216      -0.1376448       2.7926879
       3.1341853       1.4768021       0.1042522       2.8493519
       3.1391852       1.5699910       0.2184370       2.9215450
       3.1441851       1.5790408       0.1667196       2.9913621
       3.1491852       1.4520851       0.0059220       2.8982482
       3.1541853       1.2202139      -0.1721547       2.6125824
       3.1591852       1.0704577      -0.2404389       2.3813543
       3.1641850       1.1396372      -0.2757555       2.5550299
       3.1691852       1.4556974      -0.5256978       3.4370928
       3.1741853       2.1139040      -0.9340839       5.1618919
       3.1791852       3.1598513      -1.0416214       7.3613243
       3.1841850       4.1998305      -0.6942225       9.0938835
       3.1891851       4.4610357      -0.5291910       9.4512625
       3.1941853       3.7276030      -0.8399386       8.2951450
       3.1991851       2.8824723      -0.8321481       6.5970926
       3.2041850       2.7272375      -0.2894666       5.7439413
       3.2091851       3.0482221       0.3192074       5.7772369
       3.2141852       3.3602304       0.6848910       6.0355701
       3.2191851       3.5997329       0.8551724       6.3442936
       3.2241850       3.8445275       1.1002049       6.5888500
       3.2291851       4.0570068       1.4164038       6.6976099
       3.2341852       4.2525120       1.6577265       6.8472977
       3.2391851       4.5651679       1.9419894       7.1883464
       3.2441850       5.0228324       2.4183750       7.6272898
       3.2491851       5.3880639       2.7507763       8.0253515
       3.2541852       5.3509407       2.4504817       8.2514000
       3.2591853       4.7790656       1.6171522       7.9409790
       3.2641852       3.8519301       0.7970994       6.9067612
       3.2691851       3.0740945       0.3703153       5.7778740
       3.2741852       2.8703294      -0.0170531       5.7577119
       3.2791853       3.1605673      -0.5222712       6.8434057
       3.2841852       3.5666151      -0.7818542       7.9150844
       3.2891850       3.9242973      -0.5229197       8.3715143
       3.2941852       4.3353763       0.3441498       8.3266029
       3.2991853       4.7263594       1.4033995       8.0493193
       3.3041852       4.7227483       1.8430586       7.6024380
       3.3091850       4.1502347       1.4017282       6.8987412
       3.3141851       3.3625844       0.6849899       6.0401788
       3.3191853       2.9020541       0.0515308       5.7525773
       3.3241851       3.0535784      -0.4350021       6.5421591
       3.3291850       3.6916778      -0.4914687       7.8748245
       3.3341851       4.3821912      -0.1038022       8.8681850
       3.3391852       4.7772121       0.4424129       9.1120110
       3.3441851       4.8724432       0.9406519       8.8042345
       3.3491850       4.6944914       1.1390874       8.2498951
       3.3541851       4.1804991       0.8406217       7.5203762
       3.3591852       3.5801919       0.3439989       6.8163848
       3.3641851       3.3563662       0.0331624       6.6795702
       3.3691850       3.5685771       0.0656538       7.0715003
       3.3741851       3.7853487       0.3307548       7.2399426
       3.3791852       3.6604755       0.5257638       6.7951870
       3.3841853       3.2561145       0.5209653       5.9912634
       3.3891852       2.7404072       0.2410185       5.2397957
       3.3941851       2.1937184      -0.2609239       4.6483607
       3.3991852       1.7770501      -0.6257526       4.1798530
       3.4041851       1.6517124      -0.5825722       3.8859971
       3.4091852       1.7410657      -0.2339398       3.7160711
       3.4141850       1.9298245       0.1019114       3.7577376
       3.4191852       2.3036392       0.2791877       4.3280907
       3.4241850       2.8759005       0.5062916       5.2455091
       3.4291852       3.2605658       0.6878552       5.8332763
       3.4341850       3.0454779       0.4490206       5.6419353
       3.4391851       2.4854400       0.1350510       4.8358288
       3.4441853       2.2299783       0.2538548       4.2061019
       3.4491851       2.4534338       0.7038589       4.2030087
       3.4541852       2.8535533       1.0784887       4.6286178
       3.4591851       3.2597783       1.0967610       5.4227953
       3.4641852       3.6758199       1.0375795       6.3140602
       3.4691851       3.9093325       1.0221190       6.7965460
       3.4741852       3.7680840       0.9009664       6.6352015
       3.4791851       3.4605389       0.7990637       6.1220140
       3.4841852       3.3042414       0.8466136       5.7618694
       3.4891851       3.3256350       0.9343307       5.7169390
       3.4941852       3.3762496       0.9020097       5.8504896
       3.4991851       3.4398015       0.7394710       6.1401320
       3.5041852       3.6032443       0.6626823       6.5438061
       3.5091851       3.8292115       0.8152862       6.8431368
       3.5141852       4.1799507       1.0974953       7.2624063
       3.5191851       4.9370370       1.4622037       8.4118700
       3.5241852       6.0911894       2.1412835      10.0410957
       3.5291851       7.1261444       2.9601545      11.2921343
       3.5341852       7.4440675       3.1923928      11.6957417
       3.5391850       6.7238126       2.3364043      11.1112213
       3.5441852       5.1048903       0.7515869       9.4581938
       3.5491850       3.3070490      -0.5511968       7.1652946
       3.5541852       2.2253277      -1.1017346       5.5523901
       3.5591850       2.0829482      -1.2847490       5.4506454
       3.5641851       2.3241894      -1.2984660       5.9468451
       3.5691853       2.6738684      -1.2646766       6.6124134
       3.5741851       3.4634869      -0.9366124       7.8635864
       3.5791852       4.5878234      -0.0194845       9.1951313
       3.5841851       5.3191514       0.9633260       9.6749763
       3.5891852       5.2293143       1.2868960       9.1717329
       3.5941851       4.4968171       0.9057536       8.0878811
       3.5991852       3.4786761       0.1725914       6.7847605
       3.6041851       2.4538987      -0.4804361       5.3882332
       3.6091852       1.6425548      -0.7302017       4.0153112
       3.6141851       1.1635981      -0.6361539       2.9633501
       3.6191852       0.9870738      -0.6165093       2.5906568
       3.6241851       1.1392853      -0.8996992       3.1782699
       3.6291852       1.7910004      -1.1129005       4.6949015
       3.6341851       2.8906858      -0.8502686       6.6316404
       3.6391852       3.9450326      -0.2843380       8.1744032
       3.6441851       4.2717552      -0.1397982       8.6833086
       3.6491852       3.6035335      -0.7401650       7.9472322
       3.6541851       2.4303534      -1.4031482       6.2638550
       3.6591852       1.4951755      -1.5452405       4.5355916
       3.6641850       1.2363350      -1.3586669       3.8313370
       3.6691852       1.6187167      -1.0846894       4.3221226
       3.6741850       2.1598418      -0.6667116       4.9863949
       3.6791852       2.2998681      -0.4616964       5.0614328
       3.6841850       1.9253019      -0.6294905       4.4800944
       3.6891851       1.4827734      -0.7291266       3.6946735
       3.6941853       1.4431813      -0.5442568       3.4306192
       3.6991851       1.8190572      -0.2678895       3.9060040
       3.7041852       2.2890639      -0.1076207       4.6857486
       3.7091851       2.4976008      -0.2297335       5.2249351
       3.7141852       2.3303754      -0.5425761       5.2033272
       3.7191851       2.1420796      -0.6456394       4.9297986
       3.7241852       2.4501376      -0.3758032       5.2760782
       3.7291851       3.2501557       0.0595839       6.4407272
       3.7341852       4.0246735       0.1465487       7.9027982
       3.7391851       4.5292606      -0.4569674       9.5154886
       3.7441852       4.9421020      -1.2211113      11.1053152
       3.7491851       5.0891581      -1.6193643      11.7976799
       3.7541852       4.6146684      -1.6421933      10.8715305
       3.7591851       3.8390214      -1.2616618       8.9397049
       3.7641852       3.2565773      -0.6331069       7.1462612
       3.7691851       2.8757973      -0.1995881       5.9511824
       3.7741852       2.6291907      -0.4800134       5.7383947
       3.7791851       2.7574420      -1.2237909       6.7386751
       3.7841852       3.2904990      -1.4399426       8.0209408
       3.7891850       3.6964040      -1.0341349       8.4269428
       3.7941852       3.8637969      -0.3269103       8.0545044
       3.7991850       4.2678137       0.6176798       7.9179478
       3.8041852       4.9585524       1.6205807       8.2965240
       3.8091850       5.4813786       2.2525134       8.7102432
       3.8141851       5.3838902       2.0642982       8.7034817
       3.8191850       4.6165338       1.3006279       7.9324398
       3.8241851       3.6708796       0.7319138       6.6098452
       3.8291852       3.1244013       0.6097443       5.6390581
       3.8341851       3.1080575       0.5787182       5.6373968
       3.8391852       3.4211514       0.4993248       6.3429780
       3.8441851       3.9040804       0.4270458       7.3811150
       3.8491852       4.3297396       0.3083377       8.3511410
       3.8541851       4.1895895      -0.1267943       8.5059738
       3.8591852       3.2357268      -0.8709068       7.3423605
       3.8641851       2.0184662      -1.3011155       5.3380480
       3.8691852       1.3311489      -1.0861545       3.7484522
       3.8741851       1.4400003      -0.5482363       3.4282370
       3.8791852       2.0230033       0.0781807       3.9678259
       3.8841851       2.6622591       0.5639751       4.7605429
       3.8891852       3.1819484       0.7781806       5.5857162
       3.8941851       3.4161925       0.7606103       6.0717745
       3.8991852       3.1931827       0.4709711       5.9153943
       3.9041851       2.7835269       0.1082811       5.4587727
       3.9091852       2.6868796      -0.1494932       5.5232525
       3.9141850       2.9169967      -0.2111733       6.0451670
       3.9191852       3.1629832      -0.1158299       6.4417963
       3.9241850       3.4177415       0.0073235       6.8281593
       3.9291852       3.8097875       0.1997931       7.4197817
       3.9341850       4.1716123       0.4853818       7.8578424
       3.9391851       4.2541580       0.6198623       7.8884535
       3.9441850       4.0033522       0.3933928       7.6133118
       3.9491851       3.6210167       0.0969353       7.1450982
       3.9541852       3.6100161       0.2130895       7.0069427
       3.9591851       4.3940768       0.6263442       8.1618099
       3.9641852       6.0596390       1.1139159      11.0053616
       3.9691851       8.4488106       1.9950957      14.9025249
       3.9741852      11.0951090       3.4711180      18.7191010
       3.9791851      13.2986746       5.2245922      21.3727570
       3.9841852      14.4668512       6.5662642      22.3674393
       3.9891851      14.3841591       6.7801871      21.9881306
       3.9941852      13.1269064       5.6590619      20.5947514
       3.9991851      11.0753517       4.0270667      18.1236362
       4.0041852       9.0078735       3.0958853      14.9198618
       4.0091848       7.5088425       3.0929189      11.9247665
       4.0141850       6.5125442       3.2151599       9.8099289
       4.0191851       5.8505301       2.7763610       8.9246998
       4.0241852       5.6741233       2.0749919       9.2732544
       4.0291853       5.9624476       1.8736863      10.0512085
       4.0341854       6.2073622       2.1822729      10.2324514
       4.0391850       5.9486632       2.4121277       9.4851990
       4.0441852       5.2790370       2.3911333       8.1669407
       4.0491848       4.7225056       2.4885187       6.9564924
       4.0541849       4.6719408       2.6882470       6.6556349
       4.0591850       4.9935217       2.6620631       7.3249803
       4.0641851       5.3858743       2.4101264       8.3616219
       4.0691853       5.9901929       2.2407994       9.7395859
       4.0741854       7.1649103       2.6186934      11.7111273
       4.0791855       8.7621403       3.4736710      14.0506096
       4.0841851      10.2756433       4.1742320      16.3770542
       4.0891852      11.2135353       4.4671931      17.9598770
       4.0941849      10.9794340       4.0577526      17.9011154
       4.0991850       9.3072166       2.5947032      16.0197296
       4.1041851       6.7586889       0.7499509      12.7674274
       4.1091852       4.3990922      -0.2630978       9.0612822
       4.1141853       2.9129999      -0.2497423       6.0757418
       4.1191854       2.1937897       0.0332110       4.3543682
       4.1241851       1.9449594       0.2154734       3.6744454
       4.1291852       2.1222482       0.4231366       3.8213596
       4.1341848       2.7100160       0.7551148       4.6649170
       4.1391850       3.6028173       1.1989577       6.0066767
       4.1441851       4.7229209       1.8669422       7.5788994
       4.1491852       5.8528461       2.8925254       8.8131666
       4.1541853       6.5441389       3.7845962       9.3036814
       4.1591854       6.5081935       3.7965155       9.2198715
       4.1641850       5.8906870       3.0673487       8.7140255
       4.1691852       5.1814547       2.3773394       7.9855700
       4.1741848       4.6127543       1.7826128       7.4428959
       4.1791849       3.8706667       0.9055359       6.8357973
       4.1841850       2.9164200       0.1279919       5.7048483
       4.1891851       2.2717175       0.0237014       4.5197334
       4.1941853       2.1542516       0.3002136       4.0082893
       4.1991854       2.1677415       0.4148285       3.9206545
       4.2041850       1.9491549       0.1777039       3.7206059
       4.2091851       1.5961481      -0.2521390       3.4444351
       4.2141852       1.5035632      -0.7044525       3.7115788
       4.2191849       2.0629792      -1.0554900       5.1814485
       4.2241850       3.3593938      -0.8439505       7.5627384
       4.2291851       4.8604293      -0.0157142       9.7365723
       4.2341852       5.6030626       0.5388889      10.6672363
       4.2391853       5.0442238       0.1086626       9.9797850
       4.2441854       3.6040456      -0.7187154       7.9268064
       4.2491851       2.1880097      -1.0773299       5.4533491
       4.2541852       1.4210156      -0.9506363       3.7926674
       4.2591848       1.4260352      -0.8007240       3.6527944
       4.2641850       1.9138027      -0.5329291       4.3605347
       4.2691851       2.3526945      -0.1078086       4.8131976
       4.2741852       2.4341156       0.2096658       4.6585655
       4.2791853       2.3946912       0.4375072       4.3518753
       4.2841854       2.6689272       0.6141024       4.7237520
       4.2891850       3.4273443       0.9295201       5.9251685
       4.2941852       4.4897122       1.6458437       7.3335810
       4.2991848       5.4906516       2.4722075       8.5090961
       4.3041849       6.1646061       2.8681917       9.4610205
       4.3091850       6.3230772       2.6489921       9.9971619
       4.3141851       5.7402000       1.8668454       9.6135550
       4.3191853       4.5879431       0.9763565       8.1995296
       4.3241854       3.5544639       0.5988054       6.5101223
       4.3291850       3.2381239       0.6133513       5.8628964
       4.3341851       3.8172929       0.8136556       6.8209305
       4.3391852       4.9909129       1.6888268       8.2929993
       4.3441849       5.9558406       2.9073799       9.0043011
       4.3491850       6.0324430       3.4163744       8.6485119
       4.3541851       5.3602524       3.1329205       7.5875845
       4.3591852       4.5463233       2.7514720       6.3411746
       4.3641853       3.9180017       2.3759472       5.4600563
       4.3691854       3.5286026       1.9311807       5.1260242
       4.3741851       3.5537405       1.6736542       5.4338269
       4.3791852       4.1183724       1.8766828       6.3600621
       4.3841848       4.8784547       2.3994234       7.3574858
       4.3891850       5.3089724       2.6060898       8.0118551
       4.3941851       5.3012738       2.3540900       8.2484579
       4.3991852       5.1111207       2.0199769       8.2022648
       4.4041853       4.8192005       1.6491189       7.9892821
       4.4091854       4.3377175       1.1503034       7.5251317
       4.4141850       3.8386168       0.7767532       6.9004803
       4.4191852       3.5707598       0.7039011       6.4376183
       4.4241848       3.4622681       0.5978885       6.3266478
       4.4291849       3.2296140       0.0011697       6.4580584
       4.4341850       2.7382715      -0.9253254       6.4018683
       4.4391851       2.1762393      -1.5980933       5.9505720
       4.4441853       1.7600169      -1.7201526       5.2401867
       4.4491854       1.5104014      -1.3760840       4.3968868
       4.4541850       1.5370075      -0.7219604       3.7959752
       4.4591851       1.9594761       0.0061882       3.9127641
       4.4641852       2.4979589       0.5336819       4.4622359
       4.4691849       2.7114992       0.5585308       4.8644676
       4.4741850       2.5758934       0.2659502       4.8858366
       4.4791851       2.4153476       0.1161499       4.7145452
       4.4841852       2.4080086       0.1558206       4.6601963
       4.4891853       2.4372876       0.1956599       4.6789150
       4.4941854       2.2791121       0.0111644       4.5470600
       4.4991851       1.8810195      -0.5848676       4.3469067
       4.5041852       1.5694158      -1.3089063       4.4477377
       4.5091848       1.7924030      -1.4469604       5.0317664
       4.5141850       2.3671441      -0.7968533       5.5311413
       4.5191851       2.5905366      -0.1623888       5.3434620
       4.5241852       2.3515022      -0.0220494       4.7250538
       4.5291853       2.1829317      -0.0259464       4.3918095
       4.5341854       2.3282630      -0.1393766       4.7959027
       4.5391850       2.6005173      -0.4737802       5.6748147
       4.5441852       2.8720179      -0.8137000       6.5577354
       4.5491848       2.9544392      -0.9549313       6.8638096
       4.5541849       2.5551233      -1.0922992       6.2025461
       4.5591850       1.8725463      -1.1823906       4.9274831
       4.5641851       1.4390323      -1.0471442       3.9252088
       4.5691853       1.3869790      -0.9620508       3.7360086
       4.5741854       1.4160968      -1.1409940       3.9731874
       4.5791850       1.2408845      -1.4336629       3.9154320
       4.5841851       0.9609054      -1.5095671       3.4313779
       4.5891848       0.7988937      -1.3069837       2.9047711
       4.5941849       0.7142190      -1.1133214       2.5417595
       4.5991850       0.7649912      -0.9947828       2.5247650
       4.6041851       1.2382652      -0.7763146       3.2528448
       4.6091852       2.1920109      -0.2543623       4.6383839
       4.6141853       3.2920570       0.4252868       6.1588273
       4.6191854       4.0797434       0.6906962       7.4687905
       4.6241851       4.2501049       0.2706392       8.2295704
       4.6291852       3.7226367      -0.4865828       7.9318562
       4.6341848       2.6969004      -1.0673592       6.4611597
       4.6391850       1.6086954      -1.2580539       4.4754448
       4.6441851       0.7706398      -1.3668196       2.9080994
       4.6491852       0.2132563      -1.6697875       2.0963001
       4.6541853      -0.0879583      -1.8865647       1.7106481
       4.6591854      -0.0718266      -1.7547271       1.6110740
       4.6641850       0.2227241      -1.3073889       1.7528371
       4.6691852       0.5079370      -0.8207320       1.8366059
       4.6741848       0.4947111      -0.6955896       1.6850119
       4.6791849       0.1970310      -0.9225835       1.3166455
       4.6841850      -0.1720679      -1.1755636       0.8314276
       4.6891851      -0.4505026      -1.3140799       0.4130746
       4.6941853      -0.5440832      -1.3295883       0.2414218
       4.6991854      -0.4515834      -1.2452877       0.3421209
       4.7041850      -0.2931898      -1.1154535       0.5290740
       4.7091851      -0.1235658      -1.0481009       0.8009694
       4.7141848       0.1520189      -1.0258492       1.3298870
       4.7191849       0.5317520      -0.9127965       1.9763005
       4.7241850       0.7551940      -0.8378903       2.3482783
       4.7291851       0.6213893      -1.0121219       2.2549007
       4.7341852       0.2843884      -1.2855235       1.8543004
       4.7391853       0.0371156      -1.4358572       1.5100883
       4.7441854       0.0659313      -1.3232256       1.4550883
       4.7491851       0.3120456      -0.9326826       1.5567738
       4.7541852       0.4786461      -0.5527225       1.5100148
       4.7591848       0.3915623      -0.5376421       1.3207666
       4.7641850       0.1662799      -0.8715612       1.2041210
       4.7691851      -0.0068910      -1.2905390       1.2767570
       4.7741852      -0.0220466      -1.5385764       1.4944832
       4.7791853       0.1094148      -1.5055430       1.7243726
       4.7841854       0.2908284      -1.2681353       1.8497922
       4.7891850       0.3808054      -1.0691004       1.8307111
       4.7941852       0.3133111      -1.1066223       1.7332445
       4.7991848       0.2391204      -1.2641375       1.7423782
       4.8041849       0.3505146      -1.3477337       2.0487628
       4.8091850       0.6447948      -1.2575891       2.5471787
       4.8141851       1.0446208      -0.9883375       3.0775790
       4.8191853       1.5079733      -0.6564156       3.6723623
       4.8241854       1.9060082      -0.4647005       4.2767172
       4.8291850       2.0482109      -0.5056443       4.6020660
       4.8341851       1.8590513      -0.6766859       4.3947887
       4.8391848       1.4935737      -0.8124928       3.7996402
       4.8441849       1.3371499      -0.8162932       3.4905930
       4.8491850       1.5921197      -0.6781642       3.8624036
       4.8541851       1.9339470      -0.3882712       4.2561650
       4.8591852       1.9939933      -0.1386912       4.1266775
       4.8641853       1.8263261       0.0078161       3.6448362
       4.8691854       1.6935759       0.0292733       3.3578784
       4.8741851       1.7833875      -0.0712240       3.6379991
       4.8791852       2.1467712      -0.0121348       4.3056774
       4.8841848       2.7169049       0.4133527       5.0204573
       4.8891850       3.2474954       0.9872842       5.5077066
       4.8941851       3.4501288       1.1830611       5.7171965
       4.8991852       3.4081383       0.9832764       5.8330002
       4.9041853       3.4397094       0.8925059       5.9869127
       4.9091854       3.5700147       1.0516782       6.0883512
       4.9141850       3.6060872       1.1926708       6.0195036
       4.9191852       3.5786653       1.2893770       5.8679533
       4.9241848       3.6939871       1.5479865       5.8399878
       4.9291849       3.9043436       1.9184499       5.8902373
       4.9341850       3.9415007       2.1351824       5.7478189
       4.9391851       3.6821265       2.0198627       5.3443904
       4.9441853       3.2656958       1.7148770       4.8165145
       4.9491854       2.9950173       1.5465198       4.4435148
       4.9541850       3.1093225       1.6814474       4.5371976
       4.9591851       3.4855967       2.0991368       4.8720565
       4.9641848       3.7848616       2.5340452       5.0356779
       4.9691849       3.8742056       2.7468557       5.0015554
       4.9741850       3.7804761       2.6573958       4.9035563
       4.9791851       3.4949822       2.1993523       4.7906122
       4.9841852       3.0986168       1.5956738       4.6015596
       4.9891853       2.7663033       1.0996050       4.4330015
       4.9941854       2.5741882       0.7377740       4.4106026
       4.9991851       2.5346997       0.5562729       4.5131264
       5.0041852       2.6336358       0.6407411       4.6265306
       5.0091848       2.7141659       0.8657795       4.5625525
       5.0141850       2.6709638       1.0494747       4.2924528
       5.0191851       2.6260097       1.2116270       4.0403924
       5.0241852       2.6308439       1.3303342       3.9313536
       5.0291853       2.5649900       1.3054094       3.8245707
       5.0341854       2.4277229       1.1856054       3.6698403
       5.0391850       2.3824584       1.0997303       3.6651866
       5.0441852       2.4839039       1.0804614       3.8873463
       5.0491848       2.5282700       1.0184875       4.0380526
       5.0541849       2.2902753       0.7813405       3.7992101
       5.0591850       1.8824974       0.5693098       3.1956849
       5.0641851       1.6394130       0.5507306       2.7280955
       5.0691853       1.6876667       0.4730617       2.9022717
       5.0741854       1.8684397       0.3236413       3.4132380
       5.0791850       1.9399050       0.1880032       3.6918068
       5.0841851       1.7476251       0.0044274       3.4908228
       5.0891848       1.3349843      -0.2377961       2.9077647
       5.0941849       0.9354516      -0.4304327       2.3013358
       5.0991850       0.8070712      -0.4939091       2.1080515
       5.1041851       0.9551147      -0.3935695       2.3037989
       5.1091852       1.1120000      -0.2185233       2.4425232
       5.1141853       1.0929440      -0.1378796       2.3237677
       5.1191854       0.9630799      -0.1385735       2.0647335
       5.1241851       0.8964515      -0.1195624       1.9124656
       5.1291852       1.0099151       0.0009427       2.0188875
       5.1341848       1.2751436       0.2269692       2.3233180
       5.1391850       1.5418286       0.4386867       2.6449704
       5.1441851       1.6109345       0.4376479       2.7842212
       5.1491852       1.4284385       0.2108632       2.6460137
       5.1541853       1.2259318       0.0415033       2.4103603
       5.1591854       1.2563874       0.0768645       2.4359102
       5.1641850       1.5004108       0.3110908       2.6897306
       5.1691852       1.7276478       0.6086857       2.8466098
       5.1741848       1.7136595       0.6355678       2.7917514
       5.1791849       1.4154731       0.2876859       2.5432603
       5.1841850       0.9469246      -0.2047688       2.0986180
       5.1891851       0.4668222      -0.6290025       1.5626467
       5.1941853       0.1825723      -0.8503352       1.2154799
       5.1991854       0.2429298      -0.8362311       1.3220906
       5.2041850       0.5527504      -0.5519815       1.6574824
       5.2091851       0.8777584      -0.1088979       1.8644148
       5.2141848       1.0914643       0.2729515       1.9099770
       5.2191849       1.2266748       0.4666919       1.9866577
       5.2241850       1.3965371       0.5411002       2.2519739
       5.2291851       1.6604125       0.6290265       2.6917987
       5.2341852       1.9200153       0.6673458       3.1726849
       5.2391853       1.9483086       0.4409916       3.4556255
       5.2441854       1.5970839      -0.0527754       3.2469432
       5.2491851       1.0866637      -0.3815495       2.5548768
       5.2541852       0.8486908      -0.2649443       1.9623258
       5.2591848       1.0208856       0.0505792       1.9911920
       5.2641850       1.3300624       0.3608687       2.2992561
       5.2691851       1.4568561       0.4450542       2.4686580
       5.2741852       1.4033089       0.3276826       2.4789352
       5.2791853       1.3563700       0.2655754       2.4471645
       5.2841854       1.3211470       0.2561283       2.3861656
       5.2891850       1.1914589       0.1710111       2.2119069
       5.2941852       0.9869545      -0.0051530       1.9790618
       5.2991848       0.8039645      -0.2057484       1.8136774
       5.3041849       0.6734142      -0.3451465       1.6919749
       5.3091850       0.5603007      -0.3869457       1.5075471
       5.3141851       0.4664258      -0.3440783       1.2769300
       5.3191853       0.4514422      -0.2728959       1.1757803
       5.3241854       0.5209845      -0.2537925       1.2957616
       5.3291850       0.5985467      -0.2675515       1.4646449
       5.3341851       0.6396862      -0.2510208       1.5303931
       5.3391848       0.6484331      -0.2046365       1.5015026
       5.3441849       0.6128960      -0.2211928       1.4469848
       5.3491850       0.5177155      -0.3487980       1.3842289
       5.3541851       0.3724145      -0.5401675       1.2849965
       5.3591852       0.2226692      -0.7018347       1.1471732
       5.3641853       0.1120773      -0.7749621       0.9991167
       5.3691854       0.0216416      -0.8403015       0.8835847
       5.3741851      -0.1258685      -1.0624810       0.8107440
       5.3791852      -0.3463485      -1.3992774       0.7065804
       5.3841848      -0.4713090      -1.5937651       0.6511470
       5.3891850      -0.3089632      -1.4805899       0.8626634
       5.3941851       0.0948853      -1.0612179       1.2509886
       5.3991852       0.5230152      -0.5595794       1.6056099
       5.4041853       0.8965501      -0.2416351       2.0347352
       5.4091854       1.2370303      -0.0716040       2.5456645
       5.4141855       1.3425835      -0.0980154       2.7831826
       5.4191847       1.0240490      -0.4207762       2.4688745
       5.4241848       0.5154958      -0.6867244       1.7177160
       5.4291849       0.1724986      -0.7083471       1.0533442
       5.4341850       0.0917523      -0.6965864       0.8800910
       5.4391851       0.1588922      -0.6950018       1.0127863
       5.4441853       0.1997862      -0.7130966       1.1126690
       5.4491854       0.1791156      -0.7831874       1.1414186
       5.4541855       0.1917135      -0.7947977       1.1782246
       5.4591846       0.2305976      -0.7121131       1.1733084
       5.4641848       0.2511173      -0.6223124       1.1245470
       5.4691849       0.3512461      -0.5559747       1.2584670
       5.4741850       0.6432551      -0.4142038       1.7007140
       5.4791851       1.0334467      -0.1074941       2.1743875
       5.4841852       1.2306861       0.1156794       2.3456926
       5.4891853       1.0868585      -0.0061109       2.1798279
       5.4941854       0.8701651      -0.1907342       1.9310644
       5.4991856       0.9182602      -0.1773266       2.0138469
       5.5041847       1.0883037      -0.0969414       2.2735486
       5.5091848       0.9135466      -0.4520800       2.2791731
       5.5141850       0.2807155      -1.2331043       1.7945353
       5.5191851      -0.3998791      -1.8697109       1.0699527
       5.5241852      -0.6410908      -2.1617842       0.8796027
       5.5291853      -0.3252184      -2.0163965       1.3659595
       5.5341854       0.2395571      -1.4101865       1.8893008
       5.5391855       0.7756963      -0.7160235       2.2674162
       5.5441847       1.2647272      -0.1741983       2.7036529
       5.5491848       1.6686056       0.1733869       3.1638241
       5.5541849       1.8644427       0.2678332       3.4610522
       5.5591850       1.7642498       0.1474817       3.3810179
       5.5641851       1.4560025      -0.0012705       2.9132755
       5.5691853       1.1826462      -0.1073166       2.4726090
       5.5741854       1.1650531      -0.4222410       2.7523472
       5.5791855       1.6045728      -0.6856728       3.8948183
       5.5841846       2.4199331      -0.2983580       5.1382241
       5.5891848       2.9503512       0.3841922       5.5165100
       5.5941849       2.6519885       0.4289627       4.8750143
       5.5991850       1.8051103      -0.0898906       3.7001114
       5.6041851       0.9792523      -0.5991115       2.5576160
       5.6091852       0.4148147      -0.9477633       1.7773927
       5.6141853       0.1737029      -1.0867411       1.4341470
       5.6191854       0.3444479      -1.0076885       1.6965842
       5.6241856       0.8654370      -0.6044806       2.3353548
       5.6291847       1.3723147       0.0315263       2.7131031
       5.6341848       1.4911432       0.3861083       2.5961781
       5.6391850       1.2824545       0.3048750       2.2600341
       5.6441851       1.1100930       0.0769830       2.1432030
       5.6491852       1.1817143      -0.0850246       2.4484532
       5.6541853       1.4522915       0.0196232       2.8849597
       5.6591854       1.7175626       0.3074495       3.1276755
       5.6641855       1.7241515       0.3664356       3.0818672
       5.6691847       1.4718579       0.0992168       2.8444991
       5.6741848       1.2936517      -0.0573270       2.6446304
       5.6791849       1.4532493       0.1352624       2.7712364
       5.6841850       1.8275796       0.5598063       3.0953529
       5.6891851       2.0752902       0.8696123       3.2809682
       5.6941853       2.0596340       0.8985726       3.2206955
       5.6991854       2.0115380       0.9122570       3.1108191
       5.7041855       2.1086166       1.0129836       3.2042496
       5.7091846       2.1612282       0.9899198       3.3325367
       5.7141848       2.0198464       0.7880244       3.2516685
       5.7191849       1.8606906       0.6767216       3.0446596
       5.7241850       1.8167988       0.6723235       2.9612741
       5.7291851       1.7792491       0.5532262       3.0052719
       5.7341852       1.6690212       0.3114382       3.0266042
       5.7391853       1.5232989       0.0890744       2.9575233
       5.7441854       1.3986572      -0.0597650       2.8570795
       5.7491856       1.4203966      -0.1112143       2.9520073
       5.7541847       1.7200243       0.0025393       3.4375095
       5.7591848       2.1996281       0.2418791       4.1573772
       5.7641850       2.5188947       0.3127277       4.7250614
       5.7691851       2.3964260       0.0499716       4.7428803
       5.7741852       1.9713829      -0.1772871       4.1200528
       5.7791853       1.6358683      -0.0224634       3.2941999
       5.7841854       1.5343057       0.2856385       2.7829728
       5.7891855       1.6109769       0.3895609       2.8323929
       5.7941847       1.9202805       0.4215940       3.4189668
       5.7991848       2.4930193       0.7683736       4.2176652
       5.8041849       3.0651500       1.3997326       4.7305675
       5.8091850       3.3346465       1.8606852       4.8086076
       5.8141851       3.3097963       1.9061273       4.7134652
       5.8191853       3.1754770       1.6350138       4.7159405
       5.8241854       2.9828434       1.1034188       4.8622680
       5.8291855       2.5853212       0.3489285       4.8217139
       5.8341846       1.9608330      -0.3228813       4.2445474
       5.8391848       1.3898805      -0.5196310       3.2993922
       5.8441849       1.0462129      -0.3416634       2.4340892
       5.8491850       0.8206641      -0.1908635       1.8321917
       5.8541851       0.6552474      -0.1978492       1.5083442
       5.8591852       0.5922392      -0.2910999       1.4755783
       5.8641853       0.6218677      -0.3648852       1.6086205
       5.8691854       0.7036902      -0.3702819       1.7776623
       5.8741856       0.8281245      -0.3317654       1.9880145
       5.8791847       0.9566452      -0.2946613       2.2079518
       5.8841848       0.9689854      -0.3528635       2.2908342
       5.8891850       0.7838481      -0.5580631       2.1257594
       5.8941851       0.5285630      -0.7426884       1.7998142
       5.8991852       0.4388352      -0.7425660       1.6202363
       5.9041853       0.5980565      -0.6102940       1.8064070
       5.9091854       0.9664978      -0.4073439       2.3403394
       5.9141855       1.4793863      -0.0508314       3.0096040
       5.9191847       1.9756566       0.4289467       3.5223665
       5.9241848       2.2816381       0.7768463       3.7864299
       5.9291849       2.3945239       0.8891090       3.8999386
       5.9341850       2.4389710       0.8852148       3.9927273
       5.9391851       2.4717035       0.7838891       4.1595182
       5.9441853       2.4295170       0.5316010       4.3274331
       5.9491854       2.2101605       0.1485076       4.2718134
       5.9541855       1.8016659      -0.2584959       3.8618279
       5.9591846       1.3947209      -0.5155134       3.3049552
       5.9641848       1.2515889      -0.5664121       3.0695901
       5.9691849       1.4391769      -0.4628102       3.3411641
       5.9741850       1.7687271      -0.3000727       3.8375268
       5.9791851       1.9014258      -0.3604374       4.1632891
       5.9841852       1.5870227      -0.7917067       3.9657521
       5.9891853       1.0811239      -1.1847585       3.3470063
       5.9941854       0.9677674      -1.2196138       3.1551487
       5.9991856       1.3347560      -0.9892372       3.6587491
       6.0041847       1.7032266      -0.6527381       4.0591912
       6.0091848       1.8373278      -0.3439151       4.0185709
       6.0141850       1.9360235      -0.0007085       3.8727555
       6.0191851       2.0161934       0.2086587       3.8237281
       6.0241852       1.9080317       0.1129671       3.7030964
       6.0291853       1.6980829      -0.0841334       3.4802992
       6.0341854       1.6208193      -0.1674429       3.4090815
       6.0391855       1.8344887      -0.1251470       3.7941246
       6.0441847       2.4484591       0.0786753       4.8182430
       6.0491848       3.4932058       0.6810486       6.3053627
       6.0541849       4.6977820       1.7151201       7.6804438
       6.0591850       5.5447392       2.5010436       8.5884352
       6.0641851       5.8113766       2.4849265       9.1378269
       6.0691853       5.5916562       1.9981482       9.1851645
       6.0741854       4.9366755       1.3355770       8.5377741
       6.0791855       4.0906119       0.6742423       7.5069818
       6.0841846       3.3924255       0.1608539       6.6239972
       6.0891848       2.9007597      -0.1164014       5.9179211
       6.0941849       2.5987518      -0.1023006       5.2998042
       6.0991850       2.3524718      -0.0893328       4.7942762
       6.1041851       1.8691137      -0.3991437       4.1373711
       6.1091852       1.1981913      -0.7532849       3.1496675
       6.1141853       0.6835123      -0.8085806       2.1756053
       6.1191854       0.4333454      -0.6927004       1.5593913
       6.1241846       0.3199922      -0.5949301       1.2349144
