# plx   e_plx pmX   e_pmX pmY   e_pmY VLSR e_VLSR ra                 dec                
  0.296 0.026 -0.73 0.19  -2.83 0.54  -7   6      260.01683333333335 -38.97525          
  0.744 0.074 0.4   0.51  -2.24 0.64  -8   3      260.2275           -35.75238888888889 
  0.129 0.012 -0.78 0.4   -4.26 0.4   62   5      266.8333333333333  -28.377777777777776
  0.334 0.02  0.18  0.34  -2.26 0.34  9    3      270.1262916666667  -24.067916666666665
  0.194 0.023 -0.58 0.13  -2.49 0.29  2    3      271.56108333333333 -20.525472222222223
  0.117 0.008 -3.86 0.19  -6.4  0.14  69   5      272.15929166666666 -19.863972222222223
  0.202 0.019 -0.37 0.5   -0.6  0.25  -3   5      272.6189583333333  -19.930166666666672
  0.8   0.033 1.42  0.52  -0.6  0.65  11   3      274.09220833333336 -19.69088888888889 
  0.297 0.031 0.66  0.28  -1.36 0.41  37   5      273.4921666666667  -18.905638888888888
  0.106 0.008 -4.11 0.07  -7.76 0.27  108  5      273.00766666666664 -18.532166666666665
  0.416 0.028 -1.0  0.95  -2.85 0.95  58   10     273.478125         -18.029611111111112
  0.343 0.037 -0.6  0.7   -0.99 0.7   34   5      273.55929166666664 -17.92791666666667 
  0.4   0.04  0.15  0.25  -2.3  0.39  31   7      272.96425          -17.524722222222223
  0.408 0.025 0.19  0.8   -2.52 0.8   36   10     273.6434166666667  -17.864416666666667
  0.396 0.032 -0.36 0.8   -2.22 0.8   39   10     273.664875         -17.866777777777777
  0.254 0.024 -0.25 2.0   -2.49 2.0   48   10     273.64929166666667 -16.759972222222224
  0.893 0.101 0.95  1.5   -2.4  1.3   22   5      274.72779166666663 -16.79730555555556 
  0.546 0.022 0.22  1.2   -2.07 1.2   19   5      274.81475          -16.496055555555557
  0.505 0.033 0.68  0.32  -1.42 0.33  22   3      275.103375         -16.19313888888889 
  0.279 0.023 -2.52 0.37  -2.33 0.35  60   5      275.28783333333337 -14.530222222222223
  0.218 0.017 -1.72 0.14  -4.12 0.33  80   3      278.6675           -9.010277777777778 
  0.17  0.032 -1.93 0.15  -4.11 0.13  97   3      278.6632916666667  -8.523722222222222 
  0.313 0.039 -1.32 0.2   -2.96 0.2   83   3      278.71495833333336 -8.305944444444444 
  0.161 0.024 -3.17 0.12  -6.38 0.16  73   5      278.8015           -8.294305555555555 
  0.098 0.029 -2.89 0.07  -6.2  0.36  93   5      279.5130833333333  -6.404305555555555 
  0.125 0.042 -1.81 0.11  -4.11 0.27  92   3      280.46274999999997 -5.028722222222222 
  0.135 0.018 -4.8  0.3   -5.9  0.3   100  10     280.94258333333335 -3.591555555555555 
  0.161 0.02  -2.32 0.11  -5.29 0.16  100  3      281.49820833333337 -2.7518611111111113
  0.19  0.019 -2.3  0.13  -5.34 0.13  98   3      281.5155833333333  -2.6561944444444445
  0.234 0.039 -2.09 0.16  -4.37 0.21  109  3      282.05162500000006 -1.441861111111111 
  0.204 0.03  -1.88 0.4   -4.84 0.4   96   5      282.17366666666663 -1.166388888888889 
  0.193 0.008 -2.21 0.4   -4.8  0.4   97   5      282.4024166666666  -0.7630277777777779
  0.153 0.017 -3.18 0.1   -6.1  0.1   60   3      283.3856666666666  0.5275277777777778 
  0.643 0.049 -0.9  1.0   -2.75 2.0   57   5      283.32820833333335 1.4024444444444444 
  0.43  0.04  -0.92 0.9   -3.61 0.9   52   5      283.50279166666667 2.022              
  0.456 0.045 -0.18 0.5   -3.63 0.5   30   7      284.55437500000005 1.6765833333333333 
  0.306 0.045 -0.71 0.21  -3.61 0.26  42   3      285.43975          1.2256944444444444 
  0.532 0.021 -0.45 0.35  -3.69 0.39  41   3      283.5597916666666  4.694916666666667  
  0.09  0.007 -2.88 0.2   -5.41 0.2   10   5      287.555875         9.103555555555555  
  0.166 0.005 -3.02 0.36  -6.2  0.36  44   10     287.9749583333333  9.597305555555556  
  0.121 0.02  -2.75 0.3   -6.43 0.3   54   5      288.6099583333334  9.376805555555556  
  0.125 0.005 -2.98 0.45  -6.26 0.45  59   5      288.3418333333333  10.848138888888888 
  0.119 0.017 -2.34 0.38  -6.0  0.54  55   7      288.58862500000004 11.154416666666666 
  0.093 0.005 -2.89 0.13  -5.5  0.13  18   5      290.12991666666665 13.923666666666668 
  0.189 0.007 -2.99 0.4   -5.71 0.4   67   5      290.7407083333334  14.269444444444444 
  0.195 0.071 -2.49 0.14  -5.51 0.16  56   3      290.91591666666665 14.518055555555556 
  0.185 0.01  -2.64 0.2   -5.11 0.2   58   4      290.9327916666667  14.508194444444445 
  0.251 0.06  -2.6  2.0   -6.1  2.0   42   5      290.90549999999996 17.486250000000002 
  0.463 0.02  -1.65 0.3   -5.12 0.3   25   3      295.796875         23.734250000000003 
  0.406 0.013 -3.19 0.4   -5.22 0.4   12   5      302.5377916666666  31.526666666666667 
  0.629 0.017 -3.79 1.3   -4.88 1.5   5    5      306.279625         34.83266666666667  
  0.108 0.005 -2.37 0.11  -4.48 0.17  -58  5      304.0667083333333  37.59605555555556  
  0.285 0.022 -3.08 0.6   -4.56 0.6   -9   9      305.42120833333337 37.42480555555556  
  0.261 0.03  -2.79 0.55  -4.66 0.55  1    5      305.433375         37.44375           
  0.77  0.053 -3.73 3.0   -3.84 3.0   -2   5      306.85616666666664 37.38013888888889  
  0.61  0.03  -2.06 0.5   0.98  0.5   -4   5      303.60862499999996 41.22575           
  0.3   0.024 -1.2  0.72  -4.8  0.66  -6   7      307.3534166666667  40.18877777777778  
  0.737 0.062 -2.84 0.5   -4.14 0.7   -3   5      307.711125         41.04097222222222  
  0.62  0.027 -3.23 1.3   -5.19 1.3   -5   10     307.6214166666667  41.26488888888889  
  0.62  0.047 -1.55 0.57  -4.59 0.57  -3   3      311.6064166666667  40.1165            
  0.687 0.038 -3.29 0.45  -4.83 0.5   -3   5      309.25399999999996 41.58213888888889  
  0.666 0.035 -2.84 0.45  -3.8  0.47  -3   3      309.7582916666667  42.416472222222225 
  0.772 0.042 -1.97 0.5   -4.16 0.51  7    3      309.65179166666667 42.626333333333335 
  1.483 0.038 -0.67 1.56  -0.9  1.67  -3   5      315.59458333333333 50.052305555555556 
  0.613 0.02  -0.69 0.6   -2.25 0.6   -5   10     317.34054166666664 52.37697222222222  
  0.28  0.03  -2.3  0.6   -3.8  0.6   -46  5      324.9927916666666  50.23916666666668  
  0.205 0.015 -2.75 0.2   -2.75 0.25  -38  5      324.9187916666667  51.342444444444446 
  0.133 0.017 -2.94 0.29  -2.48 0.29  -73  5      323.0517916666667  55.8971388888889   
  0.291 0.01  -3.77 0.6   -3.12 0.6   -37  10     334.0432083333334  52.35947222222222  
  1.129 0.063 -0.21 1.2   -5.49 1.2   -10  5      325.77700000000004 66.11536111111111  
  1.288 0.107 -2.47 1.4   0.26  1.4   -11  5      335.36137499999995 63.860527777777776 
  1.289 0.153 0.27  0.5   -1.4  1.95  -11  3      337.2142083333334  64.22813888888889  
  0.229 0.028 -2.25 0.5   -1.0  0.5   -49  5      342.3811666666667  59.928333333333335 
  0.309 0.01  -2.45 1.0   -3.0  0.7   -54  5      345.63366666666667 56.96427777777778  
  0.398 0.031 -5.55 0.4   -3.38 0.4   -52  5      343.1595833333334  60.01444444444445  
  1.43  0.08  0.5   1.5   -3.7  1.0   -7   5      344.0754166666666  62.03041666666667  
  0.288 0.044 -4.28 0.6   -2.33 0.6   -53  10     349.336625         59.47972222222222  
  0.294 0.016 -2.45 0.6   -2.1  0.6   -43  5      349.04316666666665 59.92458333333333  
  0.378 0.017 -2.45 0.24  -2.44 0.25  -57  5      348.439            61.46961111111112  
  1.077 0.039 -0.86 0.76  -2.29 0.82  -23  5      9.197291666666667  63.48394444444445  
  0.46  0.02  -3.7  0.5   -1.25 0.5   -50  5      11.243333333333334 55.77988888888889  
  0.355 0.03  -2.79 0.62  -2.14 0.7   -30  5      13.102916666666667 56.56402777777779  
  0.421 0.022 -2.69 0.31  -1.77 0.29  -29  3      13.100833333333334 56.562             
  0.512 0.01  -1.2  0.32  -0.15 0.32  -47  3      36.76591666666667  61.873666666666665 
  0.413 0.017 -0.49 0.35  -1.19 0.33  -39  5      35.71545833333333  58.586499999999994 
  0.167 0.011 -1.22 0.3   0.46  0.36  -72  3      40.86904166666667  62.95233333333334  
  0.244 0.006 0.87  0.35  -1.32 0.29  -18  5      75.41766666666668  47.121944444444445 
  0.13  0.04  0.5   0.24  -0.85 0.17  -27  5      79.30725           39.372194444444446 
  1.038 0.021 1.84  1.0   -5.86 1.0   -17  5      84.46725           32.001083333333334 
  0.149 0.011 0.16  0.32  -0.17 0.32  -7   10     84.86841666666666  24.94225           
  0.57  0.013 0.13  1.2   -1.4  1.2   3    5      85.10095833333334  23.84852777777778  
  0.496 0.103 -0.1  0.5   -3.91 0.5   -5   5      92.27904166666667  21.844833333333334 
  0.476 0.006 0.02  0.3   -2.02 0.3   8    5      92.22229166666668  21.641305555555554 
  0.66  0.04  0.7   0.78  -1.8  0.86  5    5      89.55637499999999  16.53302777777778  
  0.628 0.027 -0.14 0.67  -0.84 1.8   6    5      93.22508333333334  17.98980555555556  
  0.189 0.012 -0.42 0.2   -0.12 0.2   19   5      93.6545            13.82686111111111  
  2.41  0.03  3.3   1.5   0.1   1.5   3    5      83.81583333333334  -5.38725           
  0.228 0.007 -0.93 0.24  0.71  0.26  45   5      103.18883333333333 1.6730833333333333 
  0.221 0.014 -1.34 0.7   0.81  0.7   47   10     110.75766666666668 -14.692444444444446
  0.596 0.035 -2.17 0.38  2.09  0.6   21   3      113.04075          -16.970222222222223
  0.298 0.018 -3.1  0.63  2.12  0.63  43   7      116.11766666666666 -20.14172222222222 
  0.855 0.057 -2.8  0.58  2.6   0.58  20   3      110.74304166666667 -25.76752777777778 
  0.212 0.021 -2.36 0.23  2.45  0.3   67   5      116.21633333333332 -24.128194444444443
