-5.02761983295482  -0.6616589442598239  -0.06152672542274895  -4.647409374825658  210.65351966034268  -8.94932091294271  -22.87833284839603  209.45903094702217
-7.010957385828638  -0.19993361651882713  0.015476172278912126  1.7780209202398893  243.255100779464  -3.0732323191788993  -8.711459524629175  243.10556531385856
-0.5885968773373724  0.09096454037134905  -0.004194978535637439  74.81067804357737  104.221510780693  -49.35103886097488  -58.015063907666686  114.42470545533094
-5.361833056447092  0.3069348462888698  -0.020502906638674934  22.653549109311548  226.71195224941303  -10.950207674056237  -9.6597482212354  227.63607324914582
-3.257893286838839  0.8615020704455019  0.017622876101772156  23.16160238677554  193.40819209485454  -10.076785406589622  27.052499325292214  192.90243874761745
0.06464127485782356  1.5534939954028855  0.0040681495265317835  133.94940280692245  -32.79906310558215  18.287281296610203  -27.20185621322501  135.1971895842889
-3.474464601892424  0.9126178253877186  -0.03309425508705088  11.202835951151577  235.4483144689029  8.079315389769786  48.979597031917976  230.56975385810415
-7.115494108581044  0.24906950115336174  -0.03239915856134659  21.47126444815521  255.237468856649  -2.1251665910252235  -12.52930356697091  255.83236163057668
-5.045759618530459  0.6952655867811968  -0.0360242466295948  49.990797691048186  246.11564409909187  -12.779350349281753  -15.927523156507247  250.63579977767955
0.886938037429438  1.9655106084408005  -0.005148103386124481  198.53699865019632  -109.31037888937908  1.5280375894413112  -17.975051757457326  225.92608587828983
-5.994797778380745  0.5276783363626959  -0.007644894149390236  75.12484219775693  231.82634865820322  1.531628973756682  -54.50810226269342  237.5206614910636
-5.4970932125606975  0.646247440110616  -0.010246774912407886  47.79914482484708  244.19275409480284  7.871797411284156  -18.960860660805388  248.10349687457668
-5.9030771835352445  0.5576300868898936  0.021351177687756018  46.58017902332302  236.71900899095752  -7.151370907834702  -24.111342310981637  240.05050607625995
-5.950908643224883  0.5472118258971602  -0.010324210291249802  51.63295932471501  236.21760031933212  -8.82850966636202  -29.7860633848881  239.95313629390813
-5.878591133211285  0.5641231886798364  -0.011477577350744061  54.75021719803519  236.17888493078297  -1.8341716649493804  -31.93922228044442  240.32881236027524
-4.517895363252888  0.9440198129023997  0.01933232179405786  68.1093456531966  221.97162487304155  -10.614413065005206  -21.268757332608565  231.2096995707825
-7.255098151658193  0.2771783082880325  -0.012603697730755287  34.48813867573904  249.09099800398755  -3.4657757219227925  -24.953506020320443  250.22605686305607
-6.568023741594772  0.4627745075557903  -0.018407976512076096  33.1575681983123  242.56401999937472  -3.1174900255917226  -16.02708581844886  244.294618539277
-6.427717273300763  0.5136257790751876  -0.023399356077033834  34.478291630256024  249.4629312029989  -4.922441619120402  -14.498004264648523  251.41661542244051
-4.9048861432303035  1.0230753358274196  -0.0031580487562239967  84.34353239658026  216.57708692783336  26.33230371146169  -38.344024226772035  229.23612683295798
-4.11791765696726  1.7930261767779843  -0.03282757536123998  122.49820516690207  194.43639151824192  -1.3849692416584745  -34.690710319990906  227.17366756127777
-2.9430962781546715  2.339905182421642  -0.018710397533264478  150.4064159724933  174.74337111395323  1.9222668117957795  -8.983615338618058  230.38365907634858
-5.413597605567782  1.281962987898692  -0.007099245169820884  106.78064513263794  240.6591404236419  4.167534570367845  -48.451572255000855  258.78827869593897
-2.652969383687333  2.497194566475028  -0.02146163647744037  162.25098403462627  89.55064788507326  3.3900286301159497  -56.766362097084375  176.41508011251085
0.8539389022891015  4.426591043717133  0.007820390393023513  238.32602322626866  -5.298605702667487  -6.112159128374316  39.9407454781562  235.01511742841024
-1.2352583702745372  3.6772422940714105  -0.023140560460091275  170.92081955711654  143.53640546616333  -3.286708198881371  81.63772612370025  207.730373141664
-1.8527031123933808  3.5755546617171334  0.008511899698358  224.75293327453196  71.63569619166427  62.61861401318352  -39.79669196338037  232.51188634807994
-2.953512463010152  3.092650575944983  -0.004792130062401756  182.3447602077121  154.8026789254339  -3.148909847632332  -13.985296245060855  238.78419643401216
-3.7799209280658346  2.6280235402630985  -0.0014678084991643636  168.27674338984878  175.77064419865945  -2.535140282244349  -37.826604821525244  240.37788936501818
-4.687705475733894  2.2189102007759804  0.004583074013058935  155.19181243108582  225.00054184678052  4.6621819013302925  -44.00741485010508  269.7648789505426
-4.164024766961672  2.5671784619983735  0.006717756455612761  155.74963007896605  200.2831589028288  -5.038919108047317  -27.47112843123467  252.22336948138877
-3.948098740756408  2.7490968000177674  0.005329604523676472  162.1301356505215  193.78799595154038  1.8927379829429896  -22.316661389773202  251.67823681316773
-2.898722004522364  3.6208330635188353  -0.02596539092174549  179.1304547220205  108.04363455384234  8.504957313708516  -27.60576584638276  207.3621673993517
-7.056689003751055  0.8784955367992936  0.006039677936663233  70.04681500274263  267.0593241568803  4.130847508786501  -36.518390777485315  273.6670350008948
-6.435606185086836  1.3346952821608407  0.014196051941434744  76.71010328536399  249.32380999221309  -1.5564829263440174  -24.481313302088953  259.70650256412404
-6.5480996847730655  1.263905230124647  -0.028440859560481875  55.291995253970455  241.2803918484334  -8.703439101603092  -8.562342979769607  247.38657706592622
-5.670823727661879  1.882908758109414  -0.09902404096248882  76.58574857953663  231.40779796617394  -9.786583437553187  0.2368921373420049  243.75169687031277
-6.8478622392986095  1.1420665970402413  0.04978006024492236  62.78734789965011  252.6398367936612  -3.067677849853588  -20.371440267462063  259.52676665968136
-0.23588440147901757  7.601321970897194  0.002187240560915349  239.22922713437677  23.637524795317148  10.221958286323755  16.20595663350371  239.84729029812587
-3.991718917685084  4.169173804259935  -0.0133671746150123  179.0978480985858  140.58324658081722  1.6551279883953782  -22.313336248804887  226.58729760998241
-2.3846274677414927  5.72905631225424  -0.11312519413390643  239.15584654496126  92.63213160460111  -15.078653985138573  -6.381878344015491  256.3893569769451
-2.690184946022393  5.663854497412814  0.01849562068889521  238.79912232098965  108.47296626183837  -2.61008807689727  -4.47168716472022  262.243034692664
-2.445286539647003  5.989053139012137  0.008809386724699553  231.41318669770922  112.61062190761386  -21.181946056985694  16.781443678362276  256.8104325997648
-1.2299793278332407  8.066467015194473  0.004342733542969768  260.5798924349061  56.33617082305756  5.631388316987426  16.413096976188488  266.09444701466845
-4.8821143824206175  4.004597034930826  -0.031090722199353826  177.23742939540122  197.29183748782123  5.372413491057316  -11.91228234995364  264.94390547288623
-5.0088431708640355  3.8988193399348643  -0.0330116827815361  158.93218514889577  199.5025205041901  -3.0857061374505292  -2.873955745402399  255.0537895074314
-4.828719004448917  4.1094980529667575  -0.03659398489092991  160.80305137739606  200.59518755946468  4.564028342049369  7.5500761237272656  256.9806353693293
-5.893080659728216  3.1432612772967854  0.07251351069029643  135.44955958071867  208.9124067785978  -3.1303964673154567  -21.193258538795536  248.07624370169898
-7.253003040356637  1.8663561421389812  0.0024400811767623654  70.24484263146529  246.73903662795868  -4.1541272846815325  -6.540432515098962  256.45996345419667
-7.479160722796049  2.3073433680026145  -0.0419314917688145  82.17789253550495  238.49103557978407  5.018014473075315  -8.220402247037303  252.11823627098403
-7.902891401906398  1.5278150428653743  -0.04755184563708187  57.21628043658903  244.31069577210366  9.230718406330343  -9.803746653069812  250.72954625893257
-5.990480285927399  8.95365125233454  0.21393549245202648  210.50748723611028  140.52405246619605  -17.445415564856894  -0.2634029971389545  253.10144630729482
-7.4769669179896345  3.4009147126749797  0.020819990185657944  97.5977451583579  221.01153795410752  6.095968077617837  2.66691531518004  241.58705952831446
-7.398973799268489  3.7139877674348254  0.02292523439373939  106.76906168358994  229.07217652690176  0.6780697256049741  7.34282461211261  252.62576574506807
-8.034216555706969  1.2621115455281133  -0.013999824619179979  42.315094322283365  242.67395426605637  12.18183944943399  -4.142147183216574  246.30074685907945
-8.003262661259607  1.601020891284803  0.10387338777309696  12.479653464820194  246.73396252519925  24.51450998173446  36.162019673321865  244.38841696597387
-7.697544268893216  3.2705749089908998  0.04124935585352496  81.20668630749957  232.7217002452058  -21.94757019339177  16.26603632299032  245.94579022297424
-8.098258536712381  1.3349376343869794  0.023456490958493947  42.33030853219293  243.55284371494017  6.2521980622728766  -2.153374510294055  247.19467162599426
-8.056567356660661  1.5874586651720304  0.03313214265286463  56.12382763406459  239.1941605991098  3.748632508029269  -8.823574936552637  245.53182078571803
-8.08222513296484  1.5912529648128317  -0.054064181453494786  44.909874444777195  243.29511653198458  -5.318890404307105  2.9344713995704033  247.387953281001
-8.108822308407845  1.4370961104221804  0.009740096971433798  50.38928938446428  242.89494618266303  5.2090594684825255  -7.22927578996576  247.96123273064822
-8.124615753081279  1.4858925404090937  0.015483654191725038  44.085616555784505  244.43169023011137  6.8122838667844  0.6078584695856771  248.3747637823411
-8.156858407048713  1.282203192008792  0.017650058139860758  39.464612286625695  255.34018583366938  1.445433487844948  0.6649792078698996  258.3710973138435
-8.342473821758478  0.6737494748254754  0.02734827675062315  14.684859824764743  249.26780372457608  6.827943555211477  5.42867011729341  249.6409674362451
-8.415913569280489  1.6272084878210906  0.08740183288714531  27.698472523455585  248.43897252217616  -0.8904858437311542  19.96715482017756  249.1795360305382
-8.62643754531792  3.5581633163134674  -0.11193474835687378  86.3398462084192  211.4601305999556  -13.898373944326277  0.8149203963063912  228.40598017869726
-8.790219753310719  4.856572937987699  -0.07975823815083261  103.98404974923349  222.59920652373376  2.1714554788072498  16.631774866745044  245.12542383855012
-9.323853877954681  7.442443178396748  0.4175874726493136  156.4520011567331  197.5628780941106  9.798741444514043  0.9735896702940009  252.00668957376652
-8.957830560614893  3.3736193994220365  -0.21448077467045223  95.8762345443474  229.72758713200076  1.758155924837265  -8.757754852917062  248.77764845305117
-8.571951120987876  0.8412155298219068  0.15195307067280414  28.296257213551492  249.73450726154388  -10.920382305854886  -3.7702428753789663  251.30417337983513
-8.569739218073375  0.7376932621964483  0.07629970319057938  21.30631329772449  243.3611944943789  11.892911422449842  -0.3561773697489339  244.29184003923052
-8.580984771384502  0.7336333329692828  0.07460998359878965  16.11316829173943  242.85936882102715  1.302992140143835  4.63324879355136  243.34921455012477
-9.704381775018922  4.147951167008586  0.04486105920922978  74.77475676910325  221.57687126880995  9.301648895193864  18.329809102432037  233.1342793958489
-9.364101101380461  3.0658092271467847  -0.15911818298641078  78.95292851121124  216.65708523184372  -16.76614711840056  -7.621270650128717  230.46859598507623
-9.141150996835622  2.3813155494301594  0.021569166895173075  100.72067345300486  227.59255608755018  -0.1787994551662635  -40.093571535362706  245.63291955442423
-8.577534952880621  0.6572161348728418  0.025798570992426828  16.868336219998568  247.34926608956982  -4.791526861107375  2.0776307917467483  247.91507346705023
-9.597320170698257  3.235713834686601  -0.07502752072984409  104.45846813032493  231.4186438260145  -2.4218847965846706  -25.050786378589837  252.6630530493529
-9.572982454593296  3.169687652386241  -0.045694690458887965  72.47063893397356  229.72731520379443  -9.570261704076817  3.4116784325380625  240.8630177269122
-9.311298604497823  2.460482928544372  0.03587515301415922  68.98966707850309  214.0675362006733  -10.667761256154954  -12.010700764253537  224.58901862241802
-8.822312131715227  0.7933364948707183  0.010674587558462734  26.707459899625604  234.94593779165143  -2.861819872109667  -5.557784993596965  236.39372480049803
-9.483726983234201  1.829203319848066  -0.26795843536586184  70.78047268453668  229.30437869563718  1.5908034973360508  -26.072138946431107  238.55946213302173
-9.867644636562286  2.3463719053795673  -0.30947421695434163  60.22149978008473  244.87523342492446  -17.998096218656414  -1.9399022963290113  252.16412464852073
-9.628111737305847  1.978550163568265  -0.26104180346694816  53.349260241271345  242.72262983213236  -9.485832354498257  -3.3994007446885894  248.49318436426836
-9.695226290451942  1.4059668232675768  0.03628028615855228  50.74385836020931  225.3215581617078  1.0747527702651816  -17.881493460008933  230.2715699458804
-10.039501298497278  1.7221571086507677  -0.09273763205728869  39.2637962961161  224.48644383961948  -6.006750732678098  -0.7449348021472594  227.89307633072593
-12.589546306327364  4.208605715896356  0.2922755025264392  88.0830117838689  227.95657829690532  1.1068105157093697  -11.265750322987197  244.12271795842852
-12.188908238872903  1.3897976812604873  0.22567197078514312  17.48271835657409  217.3730504944309  3.9443659144128898  7.255472808137278  217.95423060064718
-15.865178624183521  1.5909476423596685  0.11031729935836898  30.05917336736848  211.6084175667546  3.8197015727936225  -8.79513659696023  213.5516842848033
-9.301604195449839  0.05855306108314662  0.0033753220333738176  26.39598258932017  224.15695597279097  -0.0441490142132519  -24.984432485004955  224.31867274314385
-15.03319499260333  -0.3130576871716979  -0.38229799351966354  18.33896448284083  245.28580104905012  9.094452221296978  -23.441818692221663  244.85081774619033
-10.08711029479357  -0.11359232545409459  -0.11212722820729187  9.12449365767505  241.62992884774425  1.8408966010331307  -11.844770244982909  241.5118637196079
-10.33210785980222  -0.3081682471694418  0.03626128878807433  20.632038555577672  221.09564302519018  -11.76471668484983  -27.214394722306736  220.38226130879875
-10.415035135148255  -0.32665628679676917  0.03248039602493297  5.803759341850532  233.4934040805359  -2.197427108994935  -13.120575109537317  233.19670640986664
-9.817866429874218  -0.31846978840975515  -0.10085595266024999  9.246707083517887  237.80697632795022  4.866836800659886  -16.95172135677793  237.38217861746242
-9.894005738814464  -0.34736752808188764  -0.0013362858096206964  6.350853320472543  245.99696216321962  3.276065824478402  -14.978304292990515  245.6226559825808
-13.41215453434475  -1.4979991322723947  -0.15486758499806919  -7.487895526691821  249.23145999798717  -3.9959404404339196  -20.22293891308589  248.52247780405
-8.682314640914274  -0.18980314016122457  -0.137727262092635  8.257536815079506  247.50711338071986  11.798992111633043  -13.664998166632637  247.26751892113703
-12.075297962511062  -2.2973260313032315  0.08081119300390641  -38.88881516517671  247.2666522945165  -2.4033598840302215  -8.010004717378306  250.17789092227193
-11.27441841687618  -3.4443644844425014  0.01196286544051195  -41.39740754782701  235.16171659223502  -9.761736413901293  -29.116664638538115  236.99577663455202
-9.358457849055267  -1.333072490349135  0.02915219021569368  -19.9072613371492  249.35056600645908  0.5090201393611782  -15.455649318695219  249.66603038023533
-10.175589714459026  -2.8067553973362043  0.11614025910725989  -57.95794656242223  244.98259922084895  -17.173083154267214  -9.26996389576823  251.5743732181536
-8.933875441447768  -1.0022922907087632  -0.10326856669425466  -15.932578663650487  245.82226049545676  -1.5172123081742193  -11.573634203089355  246.0660110809754
-10.675961952806372  -4.097945653951158  0.0058457386074936  -86.2355027493266  230.5774003814491  -10.960049734053378  -2.120312492420355  246.16661791565215
