# vc                 sigmaplus          R                  sigmaminus        
  197.92630305867917 18.14384945836497  4.992544347654224  18.14384945836497 
  227.5510097313744  11.636153667048704 4.3951980708925715 11.636153667048704
  224.112739138075   8.411922845334432  4.658174578972267  8.411922845334432 
  230.98208552120832 13.782448267898522 4.511665100442717  13.782448267898522
  224.91728933090283 21.220094853206902 4.710602741719776  21.220094853206902
  209.40160631658372 9.166511439998798  4.095128858527763  9.166511439998798 
  237.70173654715651 6.903168347882118  4.900162169543513  6.903168347882118 
  239.9646516552568  14.516634263295078 4.648040476580417  14.516634263295078
  258.3690083287821  12.763850164128486 4.56663868560932   12.763850164128486
  235.69197077371885 9.667806856693746  4.713823770714888  9.667806856693746 
  216.10744103435673 7.4601057018818295 4.296891827331852  7.4601057018818295
  205.62168468173058 29.265037289828967 3.19361910626751   29.265037289828967
  219.13803827498262 10.539032551253069 4.513888337976647  10.539032551253069
  249.32310585422013 11.546776567524068 4.916104096819411  11.546776567524068
  226.03746306141932 7.617808406570076  3.9179020147408843 7.617808406570076 
  250.78441909595813 21.01492687177551  4.1147212409452925 21.01492687177551 
  137.18473003185431 30.040941119935173 1.6351825020895212 30.040941119935173
  222.94824762802114 58.293273308681485 2.1465196038503858 58.293273308681485
