# vc        R     sigmaplus sigmaminus
  197.70677 0.094 2.5       2.5       
  214.3666  0.122 4.0       4.0       
  228.08327 0.141 3.0       3.0       
  240.89435 0.226 3.0       3.0       
  250.20897 0.245 2.0       2.0       
  251.69772 0.264 2.5       2.5       
  243.92406 0.311 3.0       3.0       
  245.94962 0.376 3.0       3.0       
  247.55759 0.414 2.5       2.5       
  247.03485 0.471 2.5       2.5       
  244.44485 0.518 4.0       4.0       
  240.26828 0.546 2.0       2.0       
  236.37674 0.565 2.0       2.0       
  226.69785 0.659 2.0       2.0       
  226.7371  0.696 4.0       4.0       
  220.7931  0.894 3.0       3.0       
  219.18134 0.941 4.0       4.0       
  215.80876 0.988 4.0       4.0       
  214.39362 1.035 2.0       2.0       
  211.78577 1.064 2.0       2.0       
  214.44485 1.082 3.0       3.0       
  216.06126 1.129 3.0       3.0       
  216.99388 1.176 4.0       4.0       
  215.8534  1.205 3.0       3.0       
  212.1575  1.224 2.0       2.0       
  198.07655 1.318 3.0       3.0       
  214.32367 1.327 3.0       3.0       
  208.88835 1.365 2.0       2.0       
  198.42688 1.459 9.0       9.0       
  208.65175 1.506 2.5       2.5       
  210.04268 1.525 3.0       3.0       
  206.3562  1.553 3.0       3.0       
  203.08144 1.6   3.0       3.0       
  196.64648 1.619 3.0       3.0       
  199.61102 1.647 7.0       7.0       
  202.011   1.694 3.0       3.0       
  203.99352 1.807 3.0       3.0       
  202.62962 1.901 3.0       3.0       
  202.25594 2.005 3.0       3.0       
  198.41661 2.071 2.0       2.0       
  197.11238 2.221 3.0       3.0       
  194.22047 2.259 2.0       2.0       
  193.48912 2.306 3.0       3.0       
  193.69038 2.4   3.0       3.0       
  203.5472  1.845 7.0       7.0       
  200.71594 1.939 1.5       1.5       
  194.50366 2.071 1.5       1.5       
  192.36745 2.353 3.0       3.0       
  198.31793 2.428 3.0       3.0       
  194.62204 2.447 1.5       1.5       
  193.98949 2.494 2.0       2.0       
  195.50807 2.541 2.0       2.0       
  192.6246  2.588 1.5       1.5       
  194.73111 2.635 1.5       1.5       
  195.17363 2.682 1.5       1.5       
  194.44229 2.729 1.5       1.5       
  194.69014 2.776 1.5       1.5       
  198.07092 2.824 2.0       2.0       
  195.8732  2.871 2.0       2.0       
  198.56566 2.918 1.5       1.5       
  199.7574  2.936 1.5       1.5       
  192.36562 2.974 1.5       1.5       
  197.02751 3.031 1.5       1.5       
  199.99205 3.059 1.5       1.5       
  198.28247 3.106 1.5       1.5       
  198.14748 3.162 1.5       1.5       
  194.9621  3.2   1.5       1.5       
  198.70078 3.219 1.5       1.5       
  203.91527 3.247 1.5       1.5       
  208.77281 3.304 1.5       1.5       
  204.59721 3.332 1.5       1.5       
  201.50514 3.369 1.5       1.5       
  203.30876 3.407 1.5       1.5       
  205.60149 3.445 1.5       1.5       
  205.73857 3.482 2.0       2.0       
  207.35498 3.529 2.0       2.0       
  205.45071 3.576 2.0       2.0       
  205.0044  3.614 1.5       1.5       
  204.48166 3.671 2.0       2.0       
  207.04195 3.689 1.5       1.5       
  206.61702 3.746 1.5       1.5       
  210.08363 3.784 1.5       1.5       
  211.10112 3.821 1.5       1.5       
  212.12216 3.859 1.5       1.5       
  207.75935 3.896 1.5       1.5       
  210.9539  3.953 1.5       1.5       
  217.13817 3.972 1.5       1.5       
  220.20897 4.009 1.5       1.5       
  222.01259 4.047 1.5       1.5       
  222.4561  4.094 1.5       1.5       
  224.17033 4.141 1.5       1.5       
  225.10197 4.188 1.5       1.5       
  223.58902 4.235 1.5       1.5       
  217.45952 4.264 1.2       1.2       
  217.8052  4.311 1.5       1.5       
  219.50648 4.348 1.5       1.5       
  219.06017 4.386 2.0       2.0       
  230.05919 4.424 1.5       1.5       
  226.47054 4.452 3.5       3.5       
  232.36977 4.48  3.0       3.0       
  224.09758 4.518 1.5       1.5       
  213.38823 4.565 1.5       1.5       
  212.07092 4.612 2.0       2.0       
  214.46992 4.659 2.0       2.0       
  211.58646 4.706 1.5       1.5       
  211.63867 4.753 1.5       1.5       
  220.68965 4.8   1.5       1.5       
  219.55858 4.838 1.5       1.5       
  220.08694 4.875 1.5       1.5       
  225.87993 4.894 1.5       1.5       
  223.08585 4.932 2.0       2.0       
  225.16997 4.96  1.5       1.5       
  225.5911  4.988 1.5       1.5       
  201.663   2.8   16.0      16.0      
  216.2387  3.6   15.0      15.0      
  225.9232  4.4   20.0      20.0      
