# R                  vc                 sigmaplus          sigmaminus        
  0.4220163135602577 98.13207871704036  24.035155000711878 24.035155000711878
  1.524518413019563  133.64682515852175 8.182289870384396  8.182289870384396 
  2.3132845000032116 234.53570049982488 9.21014509259112   9.21014509259112  
  2.66416837700467   186.6577205111395  10.986144218773426 10.986144218773426
  3.3315388587566246 216.34541147193588 3.775543651967223  3.775543651967223 
  3.5111148285044442 224.0903459514981  2.4187157848827345 2.4187157848827345
  3.5807716433231613 172.25841122839856 4.149349374978525  4.149349374978525 
  3.6754021565166104 217.92214111583874 6.957513628689917  6.957513628689917 
  3.8815707258253833 229.06988960320177 2.256103952147178  2.256103952147178 
  3.9359481986886324 228.93503087384224 5.793313226731814  5.793313226731814 
  4.1320981858971235 215.32312736394582 3.2867015129211596 3.2867015129211596
  4.182842981855695  214.68411453450275 3.9953568944527507 3.9953568944527507
  4.2172765824138985 224.9563488855271  2.340883457834801  2.340883457834801 
  4.283365260763851  215.18565026017586 3.830297674570366  3.830297674570366 
  4.464004920860415  207.043211287189   15.84234290479427  15.84234290479427 
  4.544474503482535  229.94395900369724 4.660690216179879  4.660690216179879 
  4.5457918298922895 223.87844446860228 6.784693183418047  6.784693183418047 
  4.56484983999162   240.33910186983294 2.2817323011813517 2.2817323011813517
  4.574688908281715  209.33886404011264 4.433181958806102  4.433181958806102 
  4.59558883854319   243.7876058904932  4.389335655049267  4.389335655049267 
  4.609367996416844  223.33009961594405 2.550280780814279  2.550280780814279 
  4.614171044924809  224.21732769123207 3.1241030935145573 3.1241030935145573
  4.670067240012167  234.07626210695733 2.454555633541807  2.454555633541807 
  4.698386868165297  238.98435465568568 2.2150175498753324 2.2150175498753324
  4.703453956762609  248.29977815892758 2.972561594579683  2.972561594579683 
  4.739268698842762  232.52410926734248 4.0440390131668185 4.0440390131668185
  4.744829268474113  225.1645994286505  1.7375695751990632 1.7375695751990632
  4.755049261449142  257.25270965292674 2.8155374458575726 2.8155374458575726
  4.860840792085673  238.80983420967493 2.7818940811099475 2.7818940811099475
  4.862450668185051  227.24333635327935 2.751706816869447  2.751706816869447 
  4.9415676706189275 198.9578082621501  3.331952961386721  3.331952961386721 
