# vc        R         sigmaplus  sigmaminus
  184.58202 1.3917792 11.431244  11.431244 
  185.92676 1.4917792 10.932495  10.932495 
  176.03358 1.5917792 15.459259  15.459259 
  168.13673 1.6917791 16.417984  16.417984 
  178.42844 1.7917792 20.409729  20.409729 
  188.74652 1.8917792 18.559235  18.559235 
  190.37898 1.9917792 17.174622  17.174622 
  190.39427 2.0917792 14.638458  14.638458 
  183.64449 2.1917791 16.107422  16.107422 
  180.62341 2.2917793 14.804855  14.804855 
  187.02783 2.3917792 10.7026825 10.7026825
  192.48993 2.4917793 14.209946  14.209946 
  196.62543 2.5917792 11.646484  11.646484 
  192.30673 2.6917791 11.970612  11.970612 
  187.75859 2.791779  14.353119  14.353119 
  188.55864 2.8917792 13.822784  13.822784 
  192.22017 2.9917793 10.205719  10.205719 
  195.98222 3.0917792 5.9982605  5.9982605 
  198.14845 3.1917791 5.963806   5.963806  
  202.82196 3.291779  6.2981415  6.2981415 
  203.4712  3.3917792 4.584732   4.584732  
  204.66884 3.4917793 4.056183   4.056183  
  204.70705 3.5917792 4.419525   4.419525  
  204.83969 3.6917791 4.6979523  4.6979523 
  208.6647  3.7917793 4.628235   4.628235  
  211.5491  3.8917792 4.215042   4.215042  
  217.05206 3.9917793 6.513275   6.513275  
  222.95749 4.091779  4.582199   4.582199  
  222.7836  4.191779  3.8456268  3.8456268 
  221.71986 4.2917795 4.5731964  4.5731964 
  225.0963  4.391779  4.636856   4.636856  
  223.99628 4.4917793 5.8818054  5.8818054 
  218.3559  4.591779  8.572922   8.572922  
  215.56906 4.691779  9.480484   9.480484  
  218.17755 4.7917795 8.265411   8.265411  
  223.70346 4.891779  5.3108826  5.3108826 
  223.56532 4.9917793 5.8395386  5.8395386 
