# R                  K     delK
  4.808000114440919  217.6 41.5
  4.858000066757203  230.6 36.8
  6.8880000381469735 84.2  18.5
  4.9479999809265145 209.0 33.2
  4.767999914169312  194.7 38.6
  5.217999961853028  180.5 29.2
  5.39800002861023   179.0 25.6
  4.858000066757203  211.4 33.7
  7.557999995231629  62.2  11.2
  6.707999971389771  97.5  18.0
  6.798000004768372  109.8 12.9
  6.8379999666214    119.0 12.9
  5.2579999237060555 176.8 30.1
  7.598000016689301  61.7  11.0
  6.707999971389771  115.9 14.8
  7.288000014305116  92.0  7.5 
  6.8880000381469735 121.9 10.9
  6.707999971389771  96.1  18.0
  7.377999988079072  77.3  11.8
  7.377999988079072  95.2  9.3 
  6.518000033378602  146.3 11.5
  6.967999961853028  101.2 13.4
  7.468000021457673  84.9  9.1 
  7.468000021457673  88.5  7.4 
  7.1979999809265145 98.7  8.2 
  6.748000052452088  100.8 17.1
  7.738000002384187  74.5  8.1 
  6.928000000000001  114.3 11.7
  7.018000033378602  108.4 9.4 
  5.717999961853028  168.6 20.9
  7.468000021457673  87.2  9.6 
  6.748000052452088  140.1 12.4
  5.848000076293946  170.6 19.5
  7.877999988079072  72.8  8.0 
  8.05800000268221   62.4  8.2 
  7.877999988079072  73.9  7.8 
  6.258000042915345  147.4 17.7
  6.748000052452088  113.2 14.9
  8.09800000178814   69.2  6.8 
  8.72800001192093   53.4  4.7 
  7.377999988079072  101.3 9.4 
  6.207999971389771  132.4 18.8
  4.997999933242799  206.2 35.7
