# R0  V0  R      vc     e_V   sigmaplus sigmaminus
  8.3 244 26.3   189.64 6.74  6.74      6.74      
  8.3 244 28.26  237.99 11.54 11.54     11.54     
  8.3 244 29.51  209.82 9.16  9.16      9.16      
  8.3 244 32.04  179.14 6.65  6.65      6.65      
  8.3 244 33.99  170.37 6.93  6.93      6.93      
  8.3 244 36.49  175.92 6.62  6.62      6.62      
  8.3 244 38.41  191.57 11.73 11.73     11.73     
  8.3 244 40.42  197.59 14.12 14.12     14.12     
  8.3 244 42.4   192.79 5.92  5.92      5.92      
  8.3 244 44.49  213.22 17.17 17.17     17.17     
  8.3 244 45.99  179.39 11.23 11.23     11.23     
  8.3 244 48.06  213.03 24.72 24.72     24.72     
  8.3 244 49.49  178.57 17.63 17.63     17.63     
  8.3 244 51.39  183.31 23.58 23.58     23.58     
  8.3 244 53.89  157.89 19.57 19.57     19.57     
  8.3 244 56.89  191.76 24.35 24.35     24.35     
  8.3 244 57.98  210.72 29.81 29.81     29.81     
  8.3 244 60.92  168.02 25.67 25.67     25.67     
  8.3 244 64.73  206.47 36.27 36.27     36.27     
  8.3 244 69.31  203.62 40.89 40.89     40.89     
  8.3 244 72.96  190.53 40.98 40.98     40.98     
  8.3 244 76.95  222.72 74.37 74.37     74.37     
  8.3 244 81.13  186.29 66.53 66.53     66.53     
  8.3 244 84.9   122.25 36.46 36.46     36.46     
  8.3 244 89.35  143.95 29.49 29.49     29.49     
  8.3 244 92.44  154.66 67.23 67.23     67.23     
  8.3 244 97.41  184.0  72.86 72.86     72.86     
  8.3 244 100.72 108.68 40.99 40.99     40.99     
  8.3 244 106.77 137.15 53.17 53.17     53.17     
  8.3 244 119.98 150.18 25.46 25.46     25.46     
  8.3 244 189.49 125.01 37.32 37.32     37.32     
