# R      vc     sigmaplus sigmaminus
  0.2    233.0  6.66      6.66      
  0.38   268.92 2.335     2.335     
  0.66   250.75 5.675     5.675     
  1.61   217.83 2.905     2.905     
  2.57   219.58 0.74      0.74      
  3.59   223.11 1.215     1.215     
  4.51   247.88 1.495     1.495     
  5.53   253.14 0.845     0.845     
  6.5    270.95 1.095     1.095     
  7.56   267.8  0.48      0.48      
  8.34   270.52 0.33      0.33      
  9.45   235.58 4.22      4.22      
  10.5   249.72 6.72      6.72      
  11.44  261.96 5.855     5.855     
  12.51  284.3  8.75      8.75      
  13.53  271.54 7.785     7.785     
  14.59  251.43 12.8      12.8      
  16.05  320.7  12.635    12.635    
  18.64  286.46 50.59     50.59     
  26.3   189.64 3.37      3.37      
  28.26  237.99 5.77      5.77      
  29.51  209.82 4.58      4.58      
  32.04  179.14 3.325     3.325     
  33.99  170.37 3.465     3.465     
  36.49  175.92 3.31      3.31      
  38.41  191.57 5.865     5.865     
  40.42  197.59 7.06      7.06      
  42.4   192.79 2.96      2.96      
  44.49  213.22 8.585     8.585     
  45.99  179.39 5.615     5.615     
  48.06  213.03 12.36     12.36     
  49.49  178.57 8.815     8.815     
  51.39  183.31 11.79     11.79     
  53.89  157.89 9.785     9.785     
  56.89  191.76 12.175    12.175    
  57.98  210.72 14.905    14.905    
  60.92  168.02 12.835    12.835    
  64.73  206.47 18.135    18.135    
  69.31  203.62 20.445    20.445    
  72.96  190.53 20.49     20.49     
  76.95  222.72 37.185    37.185    
  81.13  186.29 33.265    33.265    
  84.9   122.25 18.23     18.23     
  89.35  143.95 14.745    14.745    
  92.44  154.66 33.615    33.615    
  97.41  184.0  36.43     36.43     
  100.72 108.68 20.495    20.495    
  106.77 137.15 26.585    26.585    
  119.98 150.18 12.73     12.73     
  189.49 125.01 18.66     18.66     
