# Name                  R        R_err   vc       sigmaplus   sigmaminus  
  V824__Cas             9.669    0.044   218.45   0.99        0.99        
  V825__Cas             10.781   0.114   226.41   1.075       1.075       
  TU____Cas             8.545    0.016   225.55   1.12        1.12        
  V827__Cas             9.846    0.051   216.23   0.7         0.7         
  AW____Cas             10.004   0.071   205.15   0.965       0.965       
  V470__Cas             10.499   0.1     231.5    0.915       0.915       
  V636__Cas             8.524    0.023   228.92   0.34        0.34        
  V1016_Cas             11.896   0.175   219.11   0.77        0.77        
  V1154_Cas             9.717    0.053   228.91   0.42        0.42        
  VV____Cas             10.483   0.099   223.47   1.065       1.065       
  V440__Per             8.65     0.02    230.81   0.205       0.205       
  GM____Cas             9.879    0.045   214.06   0.67        0.67        
  SZ____Cas             9.829    0.055   213.17   0.79        0.79        
  DW____Per             10.774   0.098   224.43   0.91        0.91        
  LT____Cas             12.864   0.221   236.76   1.155       1.155       
  V833__Cas             12.277   0.162   233.42   1.09        1.09        
  V883__Per             12.242   0.145   209.82   0.98        0.98        
  V836__Cas             10.179   0.069   200.92   0.555       0.555       
  V891__Per             10.178   0.062   231.09   1.15        1.15        
  V895__Per             11.367   0.176   234.84   0.93        0.93        
  AC____Cam             10.734   0.061   216.81   1.075       1.075       
  CF____Cam             11.346   0.084   231.46   0.82        0.82        
  J053.9542+57.1479     13.835   0.131   230.36   1.105       1.105       
  AM____Cam             12.108   0.163   220.56   1.005       1.005       
  MM____Per             10.839   0.083   217.28   0.98        0.98        
  OX____Cam             9.391    0.046   226.11   1.005       1.005       
  PV____Cam             12.515   0.152   237.21   0.62        0.62        
  MN____Cam             10.791   0.074   215.83   0.7         0.7         
  V938__Per             10.885   0.072   231.46   1.03        1.03        
  MQ____Cam             11.743   0.085   228.36   0.705       0.705       
  J060.9207+52.6701     12.55    0.096   220.86   0.51        0.51        
  QS____Cam             11.856   0.118   237.89   0.71        0.71        
  MZ____Cam             10.43    0.055   236.77   0.695       0.695       
  LO____Cam             11.731   0.125   230.16   1.03        1.03        
  QX____Cam             11.955   0.165   229.45   0.92        0.92        
  J041610.27+520823.5   14.252   0.168   232.86   0.91        0.91        
  SX____Per             11.108   0.115   229.73   0.875       0.875       
  J064.9276+50.1240     14.322   0.173   222.03   1.01        1.01        
  J065.6485+45.5819     11.298   0.097   228.69   0.865       0.865       
  J042756.25+525304.0   12.815   0.15    239.13   0.51        0.51        
  V359__Cam             13.237   0.177   215.84   0.88        0.88        
  V957__Per             12.48    0.114   224.19   1.085       1.085       
  J068.6921+49.4226     13.309   0.107   224.85   0.745       0.745       
  SZ____Tau             8.626    0.027   242.24   0.16        0.16        
  HQ____Per             13.528   0.171   225.51   1.005       1.005       
  GSC02901-00089        11.283   0.12    224.33   0.89        0.89        
  EW____Aur             14.789   0.251   229.97   0.77        0.77        
  J072.8898+47.7886     13.867   0.225   229.67   0.98        0.98        
  J073.9358+36.3437     12.321   0.124   218.54   0.695       0.695       
  J074.0591+40.2602     15.129   0.227   225.2    0.785       0.785       
  V470__Aur             12.623   0.121   235.29   0.86        0.86        
  RX____Aur             9.634    0.052   216.89   0.55        0.55        
  CK____Cam             8.664    0.02    228.34   0.7         0.7         
  SY____Aur             10.544   0.074   233.68   0.645       0.645       
  IN____Aur             14.69    0.23    227.88   0.86        0.86        
  J052333.55+444536.5   13.308   0.193   236.97   0.86        0.86        
  J082.3588+27.0008     12.255   0.143   223.7    0.82        0.82        
  J083.0327+41.8842     12.63    0.14    238.48   0.88        0.88        
  IW____Aur             16.041   0.209   212.05   0.945       0.945       
  AE____Tau             11.775   0.119   225.09   0.785       0.785       
  V335__Aur             12.331   0.135   220.51   0.89        0.89        
  GV____Aur             12.851   0.163   236.69   0.805       0.805       
  ST____Tau             9.118    0.036   236.87   0.3         0.3         
  EU____Tau             9.174    0.036   231.82   0.36        0.36        
  AV____Tau             11.192   0.084   228.94   0.535       0.535       
  V621__Aur             12.318   0.159   225.16   0.93        0.93        
  AX____Aur             12.318   0.096   217.68   0.71        0.71        
  J088.6434+31.9126     12.285   0.145   240.26   0.725       0.725       
  CO____Aur             8.908    0.024   231.13   0.295       0.295       
  J091.0777+30.4987     11.474   0.152   218.32   0.915       0.915       
  J091.3452+20.9456     12.608   0.109   245.56   1.22        1.22        
  AS____Aur             12.388   0.136   227.79   0.95        0.95        
  CR____Ori             13.057   0.154   235.75   1.07        1.07        
  CS____Ori             12.025   0.137   227.71   1.005       1.005       
  V371__Gem             11.159   0.095   221.15   0.695       0.695       
  J061022+1438.6        10.791   0.073   199.52   0.685       0.685       
  CV____Ori             11.857   0.14    227.15   1.02        1.02        
  OGLE-GD-CEP-0032      10.815   0.095   213.04   0.995       0.995       
  DF____Ori             13.012   0.12    239.49   1.035       1.035       
  NSVS12485452          14.512   0.238   226.37   1.005       1.005       
  OGLE-GD-CEP-0036      12.285   0.117   228.76   0.715       0.715       
  V966__Mon             10.314   0.047   216.81   0.56        0.56        
  RT____Aur             8.511    0.02    220.25   0.685       0.685       
  OGLE-GD-CEP-0039      11.704   0.086   221.71   0.63        0.63        
  VZ____Mon             12.985   0.17    229.94   1.025       1.025       
  CS____Mon             11.769   0.087   224.52   1.05        1.05        
  BB____Gem             11.313   0.108   219.52   0.84        0.84        
  W_____Gem             9.034    0.052   238.34   0.99        0.99        
  J063519+2117.8        12.113   0.129   220.09   0.92        0.92        
  V911__Mon             12.116   0.164   228.77   1.13        1.13        
  V979__Mon             11.02    0.092   222.58   0.855       0.855       
  AD____Gem             10.985   0.088   221.96   1.1         1.1         
  V913__Mon             13.429   0.271   220.42   1.005       1.005       
  V914__Mon             11.197   0.095   227.79   1.01        1.01        
  J064708+0304.1        10.033   0.039   208.97   0.925       0.925       
  J064727+0411.4        11.511   0.101   220.99   0.695       0.695       
  TW____Mon             13.518   0.121   229.7    1.12        1.12        
  V784__Mon             12.651   0.141   225.95   0.935       0.935       
  NSVS12584691          11.292   0.111   217.56   1.085       1.085       
  OGLE-GD-CEP-0073      12.077   0.098   227.0    0.425       0.425       
  UY____Mon             10.444   0.064   227.65   0.895       0.895       
  V985__Mon             10.516   0.08    203.93   0.905       0.905       
  V526__Mon             9.601    0.042   241.65   0.95        0.95        
  V384__CMa             11.632   0.123   206.58   0.975       0.975       
  J070832-1454.5        10.029   0.059   220.27   0.5         0.5         
  J070911-1217.2        10.039   0.041   215.76   0.875       0.875       
  RY____CMa             9.01     0.031   226.69   0.865       0.865       
  J072424-0751.3        10.411   0.107   203.5    0.62        0.62        
  J072542-1953.8        10.866   0.068   208.96   0.97        0.97        
  OGLE-GD-CEP-0107      11.877   0.126   226.22   0.985       0.985       
  J073200-2529.3        9.707    0.051   221.24   0.58        0.58        
  MY____Pup             8.232    0.006   236.49   0.535       0.535       
  OP____Pup             10.845   0.089   233.04   1.125       1.125       
  EK____Pup             10.043   0.046   234.59   0.88        0.88        
  V719__Pup             8.717    0.021   229.1    0.565       0.565       
  J074401-1707.8        12.602   0.159   220.39   1.075       1.075       
  J075503-2614.3        10.393   0.086   220.16   0.885       0.885       
  V335__Pup             9.431    0.042   235.58   0.81        0.81        
  AH____Vel             8.211    0.005   222.03   0.975       0.975       
  OGLE-GD-CEP-0240      9.833    0.055   220.34   1.08        1.08        
  V519__Vel             8.484    0.011   223.38   0.9         0.9         
  OGLE-GD-CEP-0254      8.783    0.022   193.25   0.64        0.64        
  J084304-5117.9        8.648    0.029   233.79   0.94        0.94        
  J084951-4627.2        9.187    0.035   217.45   1.085       1.085       
  OGLE-GD-CEP-0385      8.571    0.023   231.32   0.76        0.76        
  J093942-4931.5        8.389    0.021   256.75   0.915       0.915       
  OGLE-GD-CEP-0424      8.711    0.034   208.25   0.945       0.945       
  V397__Car             7.832    0.005   220.69   0.655       0.655       
  J101016-5811.2        7.887    0.002   232.84   0.63        0.63        
  OGLE-GD-CEP-0520      8.066    0.026   243.73   0.865       0.865       
  OGLE-GD-CEP-0523      8.031    0.02    218.9    0.59        0.59        
  V720__Car             7.781    0.009   223.9    0.785       0.785       
  J104300-6131.2        7.773    0.015   229.22   0.765       0.765       
  CY____Car             7.639    0.003   223.85   1.06        1.06        
  IT____Car             7.662    0.007   248.54   0.995       0.995       
  GI____Car             7.642    0.007   249.47   1.005       1.005       
  AZ____Cen             7.562    0.006   233.17   0.83        0.83        
  OGLE-GD-CEP-0675      7.409    0.001   269.58   1.175       1.175       
  V419__Cen             7.557    0.008   249.25   0.73        0.73        
  AD____Cru             7.164    0.009   236.12   0.215       0.215       
  BG____Cru             7.85     0.011   251.17   0.515       0.515       
  V378__Cen             7.187    0.017   240.68   1.03        1.03        
  V659__Cen             7.637    0.009   237.7    0.615       0.615       
  OGLE-GD-CEP-0939      6.619    0.02    262.95   1.175       1.175       
  V381__Cen             7.375    0.024   244.49   1.165       1.165       
  V737__Cen             7.546    0.02    229.68   0.905       0.905       
  BP____Cir             7.521    0.017   244.04   0.605       0.605       
  AV____Cir             7.555    0.018   228.29   0.625       0.625       
  R_____TrA             7.657    0.014   242.06   0.935       0.935       
  LR____TrA             7.358    0.02    235.86   0.555       0.555       
  U_____Nor             6.958    0.029   247.93   0.8         0.8         
  SY____Nor             6.462    0.04    242.15   1.04        1.04        
  J155847-5341.8        6.751    0.023   251.72   0.33        0.33        
  S_____TrA             7.44     0.022   230.17   1.1         1.1         
  J160125-5150.3        6.292    0.038   254.17   0.795       0.795       
  U_____TrA             7.291    0.027   241.92   1.125       1.125       
  OGLE-GD-CEP-1124      5.714    0.044   228.26   1.035       1.035       
  QZ____Nor             6.548    0.031   240.91   0.73        0.73        
  V340__Nor             6.589    0.066   246.05   0.745       0.745       
  GU____Nor             6.752    0.03    238.42   1.135       1.135       
  V397__Nor             5.973    0.05    231.55   1.005       1.005       
  J162811-5111.9        6.633    0.028   246.11   0.895       0.895       
  OGLE-GD-CEP-1181      5.172    0.055   217.17   1.06        1.06        
  RV____Sco             7.332    0.033   235.63   0.605       0.605       
  BF____Oph             7.299    0.026   248.23   0.21        0.21        
  V470__Sco             6.557    0.047   231.38   0.45        0.45        
  V482__Sco             7.186    0.027   234.72   0.285       0.285       
  V950__Sco             7.181    0.029   236.35   0.315       0.315       
  J173848-3304.4        6.876    0.034   236.02   0.3         0.3         
  V2744_Oph             6.744    0.043   251.04   0.315       0.315       
  V500__Sco             6.7      0.039   244.45   0.335       0.335       
  RY____Sco             6.689    0.07    241.39   0.885       0.885       
  V773__Sgr             6.613    0.041   248.06   0.335       0.335       
  V5738_Sgr             5.715    0.096   235.49   0.59        0.59        
  AP____Sgr             7.291    0.022   234.13   0.73        0.73        
  V412__Ser             6.601    0.042   236.26   1.01        1.01        
  V5567_Sgr             6.025    0.082   280.78   1.39        1.39        
  Y_____Sgr             7.58     0.02    224.53   0.775       0.775       
  V458__Sct             6.603    0.051   253.27   1.22        1.22        
  XX____Sgr             6.784    0.056   245.08   0.965       0.965       
  U_____Sgr             7.459    0.032   232.6    0.6         0.6         
  V367__Sct             6.363    0.044   241.13   0.845       0.845       
  EW____Sct             7.66     0.021   243.05   1.18        1.18        
  CK____Sct             6.268    0.051   246.13   0.86        0.86        
  SS____Sct             7.183    0.025   247.82   0.665       0.665       
  J184741-0654.4        5.883    0.064   263.41   0.76        0.76        
  BX____Sct             6.378    0.066   239.28   0.955       0.955       
  CoRoT211626074        6.373    0.029   248.1    1.18        1.18        
  V916__Aql             6.421    0.031   212.71   0.6         0.6         
  V1344_Aql             7.252    0.029   222.21   0.79        0.79        
  FN____Aql             7.039    0.032   227.15   1.135       1.135       
  V1837_Aql             6.494    0.044   229.1    1.145       1.145       
  J191719+0757.7        7.426    0.039   236.54   0.835       0.835       
  J192310+1351.4        7.124    0.02    241.76   0.7         0.7         
  J193606.44+215011.4   6.85     0.011   235.83   1.115       1.115       
  V415__Vul             7.082    0.0     224.82   1.025       1.025       
  J297.7863+25.3136     7.334    0.009   226.17   0.785       0.785       
  J304.8116+36.6097     7.874    0.01    244.47   0.915       0.915       
  T_____Vul             7.934    0.004   230.49   1.15        1.15        
  DT____Cyg             7.984    0.003   240.49   0.47        0.47        
  V1726_Cyg             8.439    0.018   244.55   0.3         0.3         
  J326.3266+54.4963     9.359    0.04    245.07   0.6         0.6         
  V411__Lac             8.396    0.011   225.32   0.73        0.73        
