# Name                  R        R_err   vc       sigmaplus   sigmaminus  
  CG____Cas             9.751    0.066   219.7    2.06        2.06        
  V879__Cas             11.075   0.139   217.75   2.35        2.35        
  EX____Cas             10.622   0.111   225.42   2.185       2.185       
  BF____Cas             10.545   0.108   234.55   1.92        1.92        
  SY____Cas             9.283    0.052   221.28   1.61        1.61        
  V363__Cas             8.699    0.021   218.27   1.84        1.84        
  CT____Cas             10.234   0.059   216.9    2.64        2.64        
  V824__Cas             9.669    0.044   218.45   0.99        0.99        
  NP____Cas             10.879   0.092   203.11   1.355       1.355       
  NO____Cas             9.906    0.081   215.4    1.11        1.11        
  V825__Cas             10.781   0.114   226.41   1.075       1.075       
  AS____Cas             9.882    0.052   229.92   1.69        1.69        
  TU____Cas             8.545    0.016   225.55   1.12        1.12        
  V379__Cas             9.03     0.031   224.05   1.9         1.9         
  AP____Cas             10.538   0.068   227.34   1.375       1.375       
  J003532.93+641714.6   10.714   0.069   216.21   1.68        1.68        
  FW____Cas             10.912   0.111   232.31   1.43        1.43        
  V827__Cas             9.846    0.051   216.23   0.7         0.7         
  J011.3013+58.5011     11.485   0.164   222.99   1.155       1.155       
  OP____Cas             10.073   0.058   212.4    1.715       1.715       
  XY____Cas             9.368    0.047   226.44   1.55        1.55        
  AU____Cas             10.953   0.083   222.76   1.515       1.515       
  V553__Cas             11.368   0.145   225.73   1.625       1.625       
  OZ____Cas             9.334    0.048   225.45   1.73        1.73        
  AW____Cas             10.004   0.071   205.15   0.965       0.965       
  V1100_Cas             10.217   0.061   229.76   1.815       1.815       
  V1013_Cas             10.605   0.1     223.97   1.15        1.15        
  V556__Cas             10.508   0.068   204.7    1.115       1.115       
  BV____Cas             10.547   0.094   202.24   1.295       1.295       
  V470__Cas             10.499   0.1     231.5    0.915       0.915       
  V636__Cas             8.524    0.023   228.92   0.34        0.34        
  RW____Cas             10.265   0.078   214.62   1.92        1.92        
  J013725.59+634128.8   11.926   0.097   215.62   1.51        1.51        
  AY____Cas             9.849    0.063   235.44   1.76        1.76        
  V1016_Cas             11.896   0.175   219.11   0.77        0.77        
  V1154_Cas             9.717    0.053   228.91   0.42        0.42        
  IO____Cas             17.842   0.384   225.67   2.875       2.875       
  VV____Cas             10.483   0.099   223.47   1.065       1.065       
  J015830.96+574911.6   17.786   0.44    222.59   1.88        1.88        
  V395__Cas             10.04    0.049   228.9    1.705       1.705       
  GL____Cas             12.136   0.16    219.35   1.115       1.115       
  UX____Per             11.921   0.143   228.28   2.515       2.515       
  V1017_Cas             12.177   0.188   232.39   1.225       1.225       
  J021635.96+651035.5   12.556   0.17    235.63   1.61        1.61        
  V440__Per             8.65     0.02    230.81   0.205       0.205       
  GM____Cas             9.879    0.045   214.06   0.67        0.67        
  SZ____Cas             9.829    0.055   213.17   0.79        0.79        
  VY____Per             9.664    0.055   214.08   1.945       1.945       
  DW____Per             10.774   0.098   224.43   0.91        0.91        
  UY____Per             9.899    0.062   209.4    1.54        1.54        
  GO____Cas             10.823   0.095   207.69   1.68        1.68        
  DF____Cas             10.133   0.055   229.18   2.085       2.085       
  LT____Cas             12.864   0.221   236.76   1.155       1.155       
  V833__Cas             12.277   0.162   233.42   1.09        1.09        
  V371__Per             10.887   0.097   266.02   1.68        1.68        
  J045.1949+59.3418     13.187   0.278   254.44   1.64        1.64        
  V883__Per             12.242   0.145   209.82   0.98        0.98        
  V836__Cas             10.179   0.069   200.92   0.555       0.555       
  V598__Per             10.113   0.065   217.2    1.32        1.32        
  J031346.98+632058.2   13.088   0.267   229.66   1.465       1.465       
  V891__Per             10.178   0.062   231.09   1.15        1.15        
  V892__Per             10.436   0.083   207.28   1.23        1.23        
  V895__Per             11.367   0.176   234.84   0.93        0.93        
  AC____Cam             10.734   0.061   216.81   1.075       1.075       
  AD____Cam             12.966   0.189   228.68   1.535       1.535       
  J053.5926+54.6072     10.698   0.085   234.74   1.445       1.445       
  CF____Cam             11.346   0.084   231.46   0.82        0.82        
  J053.9542+57.1479     13.835   0.131   230.36   1.105       1.105       
  AM____Cam             12.108   0.163   220.56   1.005       1.005       
  MM____Per             10.839   0.083   217.28   0.98        0.98        
  J034529.70+532608.1   11.091   0.107   228.36   1.3         1.3         
  AB____Cam             12.259   0.162   221.06   1.125       1.125       
  OX____Cam             9.391    0.046   226.11   1.005       1.005       
  RW____Cam             9.585    0.054   257.89   1.85        1.85        
  PV____Cam             12.515   0.152   237.21   0.62        0.62        
  MN____Cam             10.791   0.074   215.83   0.7         0.7         
  V938__Per             10.885   0.072   231.46   1.03        1.03        
  MQ____Cam             11.743   0.085   228.36   0.705       0.705       
  J060.9207+52.6701     12.55    0.096   220.86   0.51        0.51        
  QS____Cam             11.856   0.118   237.89   0.71        0.71        
  MZ____Cam             10.43    0.055   236.77   0.695       0.695       
  LO____Cam             11.731   0.125   230.16   1.03        1.03        
  J062.4556+49.7355     13.566   0.217   221.48   1.115       1.115       
  QX____Cam             11.955   0.165   229.45   0.92        0.92        
  J041610.27+520823.5   14.252   0.168   232.86   0.91        0.91        
  SX____Per             11.108   0.115   229.73   0.875       0.875       
  J064.9276+50.1240     14.322   0.173   222.03   1.01        1.01        
  AS____Per             9.408    0.048   228.67   2.145       2.145       
  NSVS6794216           18.293   0.451   215.98   1.62        1.62        
  J065.6485+45.5819     11.298   0.097   228.69   0.865       0.865       
  HZ____Per             13.051   0.187   249.26   1.845       1.845       
  J042756.25+525304.0   12.815   0.15    239.13   0.51        0.51        
  V359__Cam             13.237   0.177   215.84   0.88        0.88        
  V957__Per             12.48    0.114   224.19   1.085       1.085       
  J068.6921+49.4226     13.309   0.107   224.85   0.745       0.745       
  SZ____Tau             8.626    0.027   242.24   0.16        0.16        
  OT____Per             15.537   0.364   233.13   1.665       1.665       
  HQ____Per             13.528   0.171   225.51   1.005       1.005       
  GSC02901-00089        11.283   0.12    224.33   0.89        0.89        
  EW____Aur             14.789   0.251   229.97   0.77        0.77        
  J072.8898+47.7886     13.867   0.225   229.67   0.98        0.98        
  J073.9358+36.3437     12.321   0.124   218.54   0.695       0.695       
  J074.0591+40.2602     15.129   0.227   225.2    0.785       0.785       
  V470__Aur             12.623   0.121   235.29   0.86        0.86        
  RX____Aur             9.634    0.052   216.89   0.55        0.55        
  CK____Cam             8.664    0.02    228.34   0.7         0.7         
  SY____Aur             10.544   0.074   233.68   0.645       0.645       
  ER____Aur             15.993   0.218   235.43   1.245       1.245       
  IN____Aur             14.69    0.23    227.88   0.86        0.86        
  J052333.55+444536.5   13.308   0.193   236.97   0.86        0.86        
  J081.1501+28.5252     14.137   0.178   228.72   1.22        1.22        
  J052610+1151.3        11.095   0.088   235.96   1.365       1.365       
  V1256_Tau             18.383   0.359   206.57   1.91        1.91        
  J082.3588+27.0008     12.255   0.143   223.7    0.82        0.82        
  J083.0327+41.8842     12.63    0.14    238.48   0.88        0.88        
  IW____Aur             16.041   0.209   212.05   0.945       0.945       
  AE____Tau             11.775   0.119   225.09   0.785       0.785       
  GT____Aur             15.299   0.256   181.25   1.575       1.575       
  V335__Aur             12.331   0.135   220.51   0.89        0.89        
  GV____Aur             12.851   0.163   236.69   0.805       0.805       
  ST____Tau             9.118    0.036   236.87   0.3         0.3         
  EU____Tau             9.174    0.036   231.82   0.36        0.36        
  AV____Tau             11.192   0.084   228.94   0.535       0.535       
  V621__Aur             12.318   0.159   225.16   0.93        0.93        
  J086.5802+20.1439     14.712   0.288   223.19   1.15        1.15        
  AX____Aur             12.318   0.096   217.68   0.71        0.71        
  V637__Aur             12.363   0.14    212.14   1.15        1.15        
  V1819_Ori             16.296   0.32    221.86   1.79        1.79        
  J088.6434+31.9126     12.285   0.145   240.26   0.725       0.725       
  CO____Aur             8.908    0.024   231.13   0.295       0.295       
  J091.0777+30.4987     11.474   0.152   218.32   0.915       0.915       
  J091.3452+20.9456     12.608   0.109   245.56   1.22        1.22        
  AS____Aur             12.388   0.136   227.79   0.95        0.95        
  CR____Ori             13.057   0.154   235.75   1.07        1.07        
  CS____Ori             12.025   0.137   227.71   1.005       1.005       
  NSVS9734010           14.102   0.198   225.63   1.74        1.74        
  V371__Gem             11.159   0.095   221.15   0.695       0.695       
  J061022+1438.6        10.791   0.073   199.52   0.685       0.685       
  CV____Ori             11.857   0.14    227.15   1.02        1.02        
  OGLE-GD-CEP-0030      13.63    0.177   216.37   1.09        1.09        
  J094.7322+07.7466     13.453   0.265   211.97   1.24        1.24        
  SV____Mon             10.353   0.075   213.81   1.615       1.615       
  FT____Mon             13.363   0.18    237.07   1.23        1.23        
  OGLE-GD-CEP-0032      10.815   0.095   213.04   0.995       0.995       
  DF____Ori             13.012   0.12    239.49   1.035       1.035       
  NSVS12485452          14.512   0.238   226.37   1.005       1.005       
  OGLE-GD-CEP-0036      12.285   0.117   228.76   0.715       0.715       
  V966__Mon             10.314   0.047   216.81   0.56        0.56        
  RT____Aur             8.511    0.02    220.25   0.685       0.685       
  OGLE-GD-CEP-0038      13.009   0.104   230.29   2.58        2.58        
  OGLE-GD-CEP-0039      11.704   0.086   221.71   0.63        0.63        
  V480__Mon             12.223   0.11    239.46   1.655       1.655       
  VZ____Mon             12.985   0.17    229.94   1.025       1.025       
  CS____Mon             11.769   0.087   224.52   1.05        1.05        
  CU____Mon             14.302   0.265   234.14   1.34        1.34        
  WW____Mon             13.549   0.16    233.61   1.61        1.61        
  BB____Gem             11.313   0.108   219.52   0.84        0.84        
  W_____Gem             9.034    0.052   238.34   0.99        0.99        
  J063519+2117.8        12.113   0.129   220.09   0.92        0.92        
  NSVS12507880          13.728   0.26    230.17   1.485       1.485       
  V495__Mon             12.546   0.157   214.06   1.11        1.11        
  BE____Mon             9.922    0.056   236.85   1.67        1.67        
  V911__Mon             12.116   0.164   228.77   1.13        1.13        
  V979__Mon             11.02    0.092   222.58   0.855       0.855       
  J064152-0120.1        13.164   0.155   236.26   1.205       1.205       
  AD____Gem             10.985   0.088   221.96   1.1         1.1         
  V504__Mon             11.855   0.111   228.98   2.5         2.5         
  V913__Mon             13.429   0.271   220.42   1.005       1.005       
  V914__Mon             11.197   0.095   227.79   1.01        1.01        
  J064708+0304.1        10.033   0.039   208.97   0.925       0.925       
  V508__Mon             11.03    0.088   232.5    1.25        1.25        
  NSVS12575759          13.265   0.175   246.72   1.58        1.58        
  J064727+0411.4        11.511   0.101   220.99   0.695       0.695       
  GI____CMa             13.117   0.227   224.67   1.76        1.76        
  V981__Mon             14.082   0.319   228.06   1.635       1.635       
  V376__Mon             10.47    0.08    246.77   3.285       3.285       
  TW____Mon             13.518   0.121   229.7    1.12        1.12        
  EE____Mon             14.775   0.258   228.72   1.53        1.53        
  J102.7778-11.3374     14.629   0.267   218.64   1.14        1.14        
  J103.0046-12.7620     13.803   0.224   215.41   1.55        1.55        
  XX____Mon             12.22    0.105   219.0    1.705       1.705       
  V784__Mon             12.651   0.141   225.95   0.935       0.935       
  EK____Mon             10.273   0.047   217.65   1.51        1.51        
  NSVS12584691          11.292   0.111   217.56   1.085       1.085       
  YY____Mon             15.383   0.372   216.94   1.19        1.19        
  J065413+0756.5        10.407   0.072   226.16   1.19        1.19        
  J103.5793-11.4393     13.003   0.171   220.12   2.6         2.6         
  J103.6628-10.9129     12.96    0.166   213.98   1.08        1.08        
  BV____Mon             10.636   0.079   230.61   1.46        1.46        
  OGLE-GD-CEP-0073      12.077   0.098   227.0    0.425       0.425       
  OGLE-GD-CEP-0074      11.149   0.092   232.16   1.345       1.345       
  OGLE-GD-CEP-0076      13.888   0.152   206.25   1.04        1.04        
  UY____Mon             10.444   0.064   227.65   0.895       0.895       
  J065851-1344.2        12.47    0.156   221.33   1.16        1.16        
  J104.8954-08.3771     14.193   0.136   215.34   1.36        1.36        
  XZ____CMa             13.305   0.205   234.21   1.87        1.87        
  V985__Mon             10.516   0.08    203.93   0.905       0.905       
  V526__Mon             9.601    0.042   241.65   0.95        0.95        
  V384__CMa             11.632   0.123   206.58   0.975       0.975       
  zet___Gem             8.443    0.012   244.4    1.725       1.725       
  V390__CMa             12.879   0.184   216.91   2.28        2.28        
  V465__Mon             11.053   0.087   230.78   2.145       2.145       
  J070832-1454.5        10.029   0.059   220.27   0.5         0.5         
  OGLE-GD-CEP-0087      12.71    0.102   228.58   1.225       1.225       
  J070911-1217.2        10.039   0.041   215.76   0.875       0.875       
  TV____CMa             9.914    0.059   222.23   2.235       2.235       
  FP____CMa             15.05    0.286   220.35   1.345       1.345       
  FI____Mon             12.872   0.18    227.06   1.875       1.875       
  J108.1503-27.8387     15.181   0.29    212.57   1.74        1.74        
  J071333-1451.5        10.025   0.043   205.8    1.55        1.55        
  V434__CMa             13.203   0.216   220.09   1.305       1.305       
  J071606.27-205300.8   13.543   0.201   227.17   1.485       1.485       
  RY____CMa             9.01     0.031   226.69   0.865       0.865       
  DZ____CMa             10.318   0.055   227.62   1.96        1.96        
  J109.2695-28.8235     15.212   0.366   223.34   2.06        2.06        
  OGLE-GD-CEP-0098      13.748   0.253   202.89   2.045       2.045       
  AL____CMa             15.015   0.306   214.69   2.315       2.315       
  TW____CMa             9.99     0.046   240.08   3.23        3.23        
  V423__CMa             15.488   0.384   230.31   2.21        2.21        
  J072424-0751.3        10.411   0.107   203.5    0.62        0.62        
  AO____CMa             10.681   0.09    213.42   1.735       1.735       
  J111.2561-23.1579     13.803   0.214   232.22   1.74        1.74        
  J072542-1953.8        10.866   0.068   208.96   0.97        0.97        
  VZ____CMa             9.007    0.035   235.2    1.58        1.58        
  CK____Pup             13.479   0.215   210.81   1.815       1.815       
  J072830-3039.3        15.112   0.336   206.65   1.71        1.71        
  OGLE-GD-CEP-0107      11.877   0.126   226.22   0.985       0.985       
  BD____Pup             13.448   0.219   225.09   1.955       1.955       
  J073113-2811.0        13.357   0.264   230.89   3.18        3.18        
  BQ____Pup             10.757   0.104   220.66   2.82        2.82        
  VW____Pup             10.493   0.065   226.84   2.645       2.645       
  J073200-2529.3        9.707    0.051   221.24   0.58        0.58        
  VX____Pup             8.851    0.017   237.74   1.19        1.19        
  X_____Pup             10.029   0.135   190.13   2.455       2.455       
  BE____Pup             13.736   0.243   217.78   2.39        2.39        
  OO____Pup             12.091   0.158   225.19   1.33        1.33        
  J073453-2651.3        13.455   0.28    233.96   2.52        2.52        
  J073502-3554.9        12.664   0.222   186.44   2.33        2.33        
  J073518.78-313951.1   15.543   0.409   203.42   2.17        2.17        
  OGLE-GD-CEP-0119      10.928   0.102   232.51   2.06        2.06        
  J073620-2840.1        10.404   0.09    220.05   1.395       1.395       
  MY____Pup             8.232    0.006   236.49   0.535       0.535       
  VZ____Pup             11.024   0.146   225.28   2.51        2.51        
  OP____Pup             10.845   0.089   233.04   1.125       1.125       
  J115.1791-30.7146     14.688   0.279   220.86   1.995       1.995       
  OGLE-GD-CEP-0122      11.278   0.094   237.45   1.7         1.7         
  EK____Pup             10.043   0.046   234.59   0.88        0.88        
  WW____Pup             10.591   0.105   229.74   2.19        2.19        
  V719__Pup             8.717    0.021   229.1    0.565       0.565       
  J074401-1707.8        12.602   0.159   220.39   1.075       1.075       
  V612__Pup             13.154   0.13    214.35   1.435       1.435       
  OGLE-GD-CEP-0127      15.249   0.338   213.76   2.84        2.84        
  J074751.56-321017.0   13.699   0.284   220.7    2.65        2.65        
  OGLE-GD-CEP-0137      14.606   0.318   214.09   2.13        2.13        
  OGLE-GD-CEP-0138      13.329   0.205   209.04   1.27        1.27        
  V724__Pup             9.424    0.056   218.52   1.965       1.965       
  LL____Pup             9.722    0.048   229.25   1.9         1.9         
  V616__Pup             13.536   0.179   217.15   2.31        2.31        
  OGLE-GD-CEP-0146      10.291   0.091   213.01   2.465       2.465       
  J075503-2614.3        10.393   0.086   220.16   0.885       0.885       
  OGLE-GD-CEP-0147      13.28    0.153   220.29   1.98        1.98        
  LQ____Pup             10.404   0.069   222.85   1.56        1.56        
  V335__Pup             9.431    0.042   235.58   0.81        0.81        
  LR____Pup             10.924   0.124   223.37   1.965       1.965       
  HW____Pup             13.265   0.226   201.63   2.46        2.46        
  AP____Pup             8.388    0.011   241.29   1.895       1.895       
  V620__Pup             10.234   0.06    215.96   3.295       3.295       
  WY____Pup             10.871   0.115   228.03   1.545       1.545       
  J075840-3330.2        10.429   0.072   228.91   1.82        1.82        
  NT____Pup             12.718   0.344   247.09   3.45        3.45        
  LS____Pup             10.701   0.124   212.28   3.24        3.24        
  V622__Pup             13.469   0.24    221.15   1.85        1.85        
  WZ____Pup             10.449   0.084   223.88   1.825       1.825       
  V629__Pup             11.149   0.122   235.76   2.01        2.01        
  V729__Pup             10.186   0.066   212.83   1.895       1.895       
  OGLE-GD-CEP-0171      13.651   0.245   216.5    1.995       1.995       
  J080822-3222.6        9.818    0.063   215.64   1.26        1.26        
  J080927-3315.7        10.886   0.086   230.17   1.655       1.655       
  OGLE-GD-CEP-0183      11.489   0.13    228.86   1.69        1.69        
  V730__Pup             9.373    0.052   223.91   1.81        1.81        
  V731__Pup             10.11    0.077   227.34   2.175       2.175       
  AX____Vel             8.344    0.012   242.29   1.495       1.495       
  HL____Pup             9.317    0.047   221.54   1.38        1.38        
  AH____Vel             8.211    0.005   222.03   0.975       0.975       
  AT____Pup             8.639    0.018   237.17   1.61        1.61        
  RS____Pup             8.752    0.029   235.68   2.11        2.11        
  OGLE-GD-CEP-0190      11.66    0.161   212.73   2.335       2.335       
  CE____Pup             15.839   0.405   234.49   3.215       3.215       
  J082117-3845.3        10.536   0.105   202.77   2.39        2.39        
  J082127-3825.3        10.397   0.076   222.8    2.345       2.345       
  OGLE-GD-CEP-0221      10.211   0.082   218.12   1.955       1.955       
  OGLE-GD-CEP-0222      9.422    0.068   221.08   1.605       1.605       
  V_____Car             8.067    0.002   219.89   1.495       1.495       
  DU____Pyx             9.762    0.061   216.53   2.78        2.78        
  CO____Vel             8.813    0.023   226.06   2.6         2.6         
  BH____Vel             9.707    0.059   234.53   1.245       1.245       
  J083130-4429.3        10.073   0.066   240.45   2.375       2.375       
  OGLE-GD-CEP-0236      10.704   0.079   239.43   2.155       2.155       
  OGLE-GD-CEP-0240      9.833    0.055   220.34   1.08        1.08        
  DX____Pyx             10.064   0.089   217.06   1.815       1.815       
  V519__Vel             8.484    0.011   223.38   0.9         0.9         
  OGLE-GD-CEP-0243      9.527    0.037   225.67   1.335       1.335       
  AM____Vel             13.321   0.304   240.72   19.07       19.07       
  T_____Vel             8.243    0.008   250.08   1.915       1.915       
  OGLE-GD-CEP-0254      8.783    0.022   193.25   0.64        0.64        
  J083908-3722.5        11.793   0.19    232.6    2.635       2.635       
  OGLE-GD-CEP-0256      8.671    0.022   240.87   1.86        1.86        
  OGLE-GD-CEP-0263      9.198    0.038   224.27   3.225       3.225       
  OGLE-GD-CEP-0269      8.957    0.034   217.84   4.07        4.07        
  J084304-5117.9        8.648    0.029   233.79   0.94        0.94        
  J084412-3528.4        9.416    0.058   212.29   1.22        1.22        
  SX____Vel             8.505    0.019   231.53   2.215       2.215       
  ST____Vel             8.311    0.012   252.79   3.585       3.585       
  OGLE-GD-CEP-0281      10.436   0.13    192.35   3.125       3.125       
  CP____Vel             10.014   0.098   219.36   2.235       2.235       
  OGLE-GD-CEP-0283      10.031   0.086   224.45   2.185       2.185       
  OGLE-GD-CEP-0285      9.547    0.052   223.51   2.91        2.91        
  J084951-4627.2        9.187    0.035   217.45   1.085       1.085       
  OGLE-GD-CEP-0289      10.61    0.105   238.16   3.725       3.725       
  OGLE-GD-CEP-0301      12.944   0.331   194.95   3.915       3.915       
  V527__Vel             8.755    0.024   230.93   3.015       3.015       
  CX____Vel             8.452    0.029   219.67   7.88        7.88        
  BG____Vel             8.112    0.003   238.58   1.245       1.245       
  OGLE-GD-CEP-0322      9.173    0.072   244.96   1.77        1.77        
  OGLE-GD-CEP-0324      8.795    0.033   229.41   3.015       3.015       
  V530__Vel             9.658    0.104   215.4    2.21        2.21        
  OGLE-GD-CEP-0338      8.787    0.029   216.53   2.7         2.7         
  OGLE-GD-CEP-0339      8.335    0.016   224.22   2.045       2.045       
  J091606-5418.6        9.688    0.095   183.24   1.945       1.945       
  DK____Vel             8.507    0.028   225.57   3.02        3.02        
  J091822.17-542444.5   19.53    0.995   256.11   7.28        7.28        
  OGLE-GD-CEP-0345      9.01     0.038   227.17   2.005       2.005       
  J091933-5137.4        8.903    0.037   235.79   3.115       3.115       
  EX____Vel             9.161    0.079   218.5    1.365       1.365       
  OGLE-GD-CEP-0351      10.692   0.094   235.56   1.765       1.765       
  OGLE-GD-CEP-0354      10.331   0.112   213.47   2.385       2.385       
  V_____Vel             8.037    0.0     256.71   1.37        1.37        
  V532__Vel             9.495    0.059   191.83   1.255       1.255       
  OGLE-GD-CEP-0363      11.168   0.176   183.43   2.215       2.215       
  OGLE-GD-CEP-0365      8.531    0.024   216.54   1.66        1.66        
  OGLE-GD-CEP-0367      8.479    0.032   261.92   1.945       1.945       
  V536__Vel             8.685    0.029   220.94   2.385       2.385       
  V537__Vel             8.611    0.027   231.6    1.915       1.915       
  DP____Vel             8.464    0.022   214.1    3.505       3.505       
  DR____Vel             8.231    0.013   217.06   3.895       3.895       
  FG____Vel             8.418    0.019   240.25   1.52        1.52        
  T_____Ant             8.877    0.047   257.36   2.235       2.235       
  OGLE-GD-CEP-0380      8.584    0.03    231.14   6.265       6.265       
  OGLE-GD-CEP-0381      9.441    0.08    224.54   1.65        1.65        
  OGLE-GD-CEP-0385      8.571    0.023   231.32   0.76        0.76        
  AE____Vel             8.173    0.01    231.6    3.595       3.595       
  J093942-4931.5        8.389    0.021   256.75   0.915       0.915       
  OGLE-GD-CEP-0399      8.77     0.04    235.48   1.755       1.755       
  V850__Car             8.822    0.066   233.01   2.395       2.395       
  V690__Car             8.17     0.024   229.83   5.695       5.695       
  OGLE-GD-CEP-0412      10.8     0.207   215.37   3.275       3.275       
  OGLE-GD-CEP-0414      10.07    0.103   215.07   4.075       4.075       
  OGLE-GD-CEP-0416      8.594    0.032   239.21   1.895       1.895       
  GX____Car             7.946    0.005   208.03   2.905       2.905       
  OGLE-GD-CEP-0422      8.867    0.047   209.34   5.355       5.355       
  OGLE-GD-CEP-0424      8.711    0.034   208.25   0.945       0.945       
  V397__Car             7.832    0.005   220.69   0.655       0.655       
  OGLE-GD-CEP-0436      8.189    0.018   232.36   1.885       1.885       
  V701__Car             7.921    0.004   218.79   1.865       1.865       
  J101016-5811.2        7.887    0.002   232.84   0.63        0.63        
  OGLE-GD-CEP-0447      8.184    0.021   226.04   5.135       5.135       
  V854__Car             7.911    0.005   256.63   8.045       8.045       
  J101045-5009.6        9.343    0.095   221.28   2.945       2.945       
  OGLE-GD-CEP-0457      8.471    0.05    234.28   3.19        3.19        
  OGLE-GD-CEP-0463      8.612    0.078   217.1    4.44        4.44        
  OGLE-GD-CEP-0467      8.293    0.046   219.47   2.345       2.345       
  CN____Car             7.925    0.009   245.97   2.835       2.835       
  V708__Car             8.189    0.045   246.59   1.63        1.63        
  OGLE-GD-CEP-0472      8.093    0.022   242.21   2.155       2.155       
  OGLE-GD-CEP-0477      8.119    0.023   228.39   6.155       6.155       
  AB____Vel             8.225    0.037   217.05   1.15        1.15        
  J102012-5900.3        7.887    0.007   239.11   5.425       5.425       
  GZ____Car             7.828    0.002   238.61   2.76        2.76        
  RY____Vel             7.933    0.01    243.02   1.33        1.33        
  AQ____Car             7.803    0.006   237.66   3.225       3.225       
  HS____Car             8.002    0.022   234.71   6.525       6.525       
  OGLE-GD-CEP-0503      8.31     0.037   243.96   1.49        1.49        
  J102558-5956.8        7.937    0.015   232.75   1.305       1.305       
  UW____Car             7.794    0.001   235.35   7.065       7.065       
  OGLE-GD-CEP-0519      7.97     0.012   235.26   1.835       1.835       
  OGLE-GD-CEP-0520      8.066    0.026   243.73   0.865       0.865       
  UX____Car             7.844    0.003   240.19   2.435       2.435       
  OGLE-GD-CEP-0523      8.031    0.02    218.9    0.59        0.59        
  OGLE-GD-CEP-0524      11.477   0.513   232.55   6.59        6.59        
  J103052-5903.7        8.127    0.028   222.14   2.645       2.645       
  OGLE-GD-CEP-0531      8.264    0.039   230.46   2.245       2.245       
  CQ____Car             8.039    0.037   214.74   3.785       3.785       
  J103158-5814.7        7.806    0.002   205.09   1.575       1.575       
  CR____Car             8.198    0.033   214.51   5.145       5.145       
  AY____Car             7.848    0.015   219.29   4.61        4.61        
  CS____Car             7.938    0.016   221.4    3.925       3.925       
  OGLE-GD-CEP-0546      7.832    0.009   225.18   1.725       1.725       
  XX____Vel             7.899    0.023   230.46   3.035       3.035       
  OGLE-GD-CEP-0547      7.781    0.002   240.64   2.18        2.18        
  J103920-5451.6        7.923    0.018   226.89   1.89        1.89        
  HW____Car             7.71     0.002   243.72   2.195       2.195       
  OGLE-GD-CEP-0558      9.049    0.096   220.05   7.7         7.7         
  V720__Car             7.781    0.009   223.9    0.785       0.785       
  OGLE-GD-CEP-0564      8.613    0.076   207.71   4.44        4.44        
  EY____Car             7.701    0.002   219.8    3.15        3.15        
  OGLE-GD-CEP-0566      8.794    0.083   227.36   3.66        3.66        
  J104300-6131.2        7.773    0.015   229.22   0.765       0.765       
  OGLE-GD-CEP-0568      7.99     0.044   236.58   2.495       2.495       
  VY____Car             7.768    0.004   209.87   3.555       3.555       
  SV____Vel             7.777    0.001   221.83   2.28        2.28        
  SX____Car             7.764    0.004   234.28   3.91        3.91        
  OGLE-GD-CEP-0575      7.692    0.0     245.21   3.78        3.78        
  OGLE-GD-CEP-0579      7.85     0.017   231.5    1.185       1.185       
  FH____Car             8.195    0.052   231.63   3.545       3.545       
  II____Car             8.583    0.132   218.14   4.14        4.14        
  OGLE-GD-CEP-0585      9.345    0.114   235.16   3.68        3.68        
  FI____Car             8.066    0.05    238.76   3.23        3.23        
  WW____Car             7.692    0.002   237.51   5.19        5.19        
  DY____Car             7.807    0.019   249.01   2.42        2.42        
  OGLE-GD-CEP-0596      8.31     0.044   213.34   1.235       1.235       
  FZ____Car             7.805    0.014   235.91   3.115       3.115       
  CC____Car             7.848    0.03    204.76   1.975       1.975       
  IM____Car             7.798    0.02    232.93   3.245       3.245       
  OGLE-GD-CEP-0604      8.527    0.072   212.5    3.885       3.885       
  OGLE-GD-CEP-0605      8.217    0.037   222.32   1.795       1.795       
  IO____Car             8.157    0.043   213.47   1.5         1.5         
  XX____Car             7.56     0.011   236.82   8.625       8.625       
  U_____Car             7.725    0.011   215.05   2.25        2.25        
  CY____Car             7.639    0.003   223.85   1.06        1.06        
  CF____Car             7.883    0.023   214.65   3.33        3.33        
  V442__Car             8.303    0.052   227.05   4.255       4.255       
  GT____Car             8.74     0.066   225.7    1.215       1.215       
  FM____Car             8.42     0.07    218.15   3.395       3.395       
  FN____Car             7.699    0.012   239.11   3.835       3.835       
  OGLE-GD-CEP-0617      8.907    0.116   220.65   3.525       3.525       
  XY____Car             7.544    0.005   234.04   4.785       4.785       
  HK____Car             7.715    0.014   218.95   1.645       1.645       
  ER____Car             7.782    0.009   251.2    1.93        1.93        
  GH____Car             7.564    0.003   236.46   1.505       1.505       
  V898__Cen             7.725    0.006   243.03   2.035       2.035       
  IT____Car             7.662    0.007   248.54   0.995       0.995       
  GI____Car             7.642    0.007   249.47   1.005       1.005       
  FR____Car             7.553    0.004   235.44   4.835       4.835       
  OGLE-GD-CEP-0646      8.233    0.07    209.38   6.255       6.255       
  OGLE-GD-CEP-0651      9.399    0.181   217.29   2.895       2.895       
  V1372_Cen             7.535    0.011   221.79   4.245       4.245       
  AY____Cen             7.608    0.007   239.51   4.895       4.895       
  AZ____Cen             7.562    0.006   233.17   0.83        0.83        
  V1048_Cen             7.564    0.009   258.89   2.77        2.77        
  OGLE-GD-CEP-0675      7.409    0.001   269.58   1.175       1.175       
  V419__Cen             7.557    0.008   249.25   0.73        0.73        
  OGLE-GD-CEP-0678      9.956    0.248   201.58   3.315       3.315       
  LV____Cen             7.375    0.0     238.37   2.565       2.565       
  IZ____Cen             7.355    0.004   241.99   3.96        3.96        
  KK____Cen             7.675    0.065   238.67   2.005       2.005       
  RT____Mus             7.599    0.012   233.59   4.45        4.45        
  OGLE-GD-CEP-0700      7.615    0.031   221.49   2.125       2.125       
  V873__Cen             7.776    0.048   230.29   3.29        3.29        
  MS____Mus             7.425    0.013   226.11   2.7         2.7         
  TZ____Mus             7.234    0.003   241.31   3.695       3.695       
  UU____Mus             7.228    0.007   240.62   2.015       2.015       
  BB____Cen             7.287    0.007   231.49   2.035       2.035       
  SV____Cru             7.237    0.007   227.63   2.47        2.47        
  TY____Cru             7.192    0.01    235.52   2.765       2.765       
  AD____Cru             7.164    0.009   236.12   0.215       0.215       
  OGLE-GD-CEP-0779      7.303    0.03    213.57   2.37        2.37        
  T_____Cru             7.738    0.008   231.99   1.345       1.345       
  FQ____Cru             7.069    0.01    246.15   6.935       6.935       
  VV____Cru             7.026    0.006   248.03   1.785       1.785       
  R_____Cru             7.695    0.009   247.92   1.445       1.445       
  J122511-6120.9        7.274    0.017   237.61   1.275       1.275       
  OGLE-GD-CEP-0796      6.995    0.005   257.28   2.01        2.01        
  BG____Cru             7.85     0.011   251.17   0.515       0.515       
  VW____Cru             7.489    0.012   225.57   2.13        2.13        
  OGLE-GD-CEP-0800      7.119    0.036   238.34   6.495       6.495       
  VX____Cru             6.951    0.009   236.3    3.945       3.945       
  J123617-6317.6        6.999    0.009   209.88   2.82        2.82        
  J123907.25-581704.4   10.043   0.272   234.49   3.925       3.925       
  OGLE-GD-CEP-0813      6.918    0.006   244.02   2.19        2.19        
  AG____Cru             7.501    0.018   234.43   1.645       1.645       
  R_____Mus             7.663    0.013   234.67   1.385       1.385       
  J124421-6300.8        6.876    0.008   217.55   4.7         4.7         
  X_____Cru             7.392    0.017   253.89   1.39        1.39        
  S_____Cru             7.729    0.013   227.11   1.31        1.31        
  RY____Cru             6.816    0.019   239.84   3.375       3.375       
  OGLE-GD-CEP-0853      6.85     0.027   229.14   3.085       3.085       
  OGLE-GD-CEP-0858      6.724    0.009   208.49   3.295       3.295       
  V496__Cen             7.222    0.023   244.3    2.71        2.71        
  OGLE-GD-CEP-0872      6.659    0.002   214.12   1.81        1.81        
  MY____Cen             7.175    0.023   228.16   2.185       2.185       
  V1384_Cen             6.625    0.009   246.02   1.405       1.405       
  MZ____Cen             6.625    0.011   229.98   2.425       2.425       
  V356__Mus             6.914    0.024   248.71   1.755       1.755       
  V378__Cen             7.187    0.017   240.68   1.03        1.03        
  V880__Cen             6.591    0.022   202.06   5.175       5.175       
  OGLE-GD-CEP-0913      6.485    0.004   231.39   1.315       1.315       
  V881__Cen             6.466    0.005   200.66   3.19        3.19        
  V659__Cen             7.637    0.009   237.7    0.615       0.615       
  V882__Cen             6.668    0.016   234.99   1.685       1.685       
  KN____Cen             6.638    0.029   232.73   5.515       5.515       
  OGLE-GD-CEP-0939      6.619    0.02    262.95   1.175       1.175       
  V1197_Cen             6.744    0.021   246.24   1.92        1.92        
  EX____Mus             13.978   0.646   198.25   6.475       6.475       
  V381__Cen             7.375    0.024   244.49   1.165       1.165       
  OGLE-GD-CEP-0967      6.39     0.024   217.43   2.14        2.14        
  OGLE-GD-CEP-0970      6.342    0.024   217.6    1.765       1.765       
  J140742-6315.4        6.317    0.021   220.27   2.625       2.625       
  OGLE-GD-CEP-0974      6.113    0.033   222.55   3.285       3.285       
  OGLE-GD-CEP-0978      6.302    0.028   251.58   1.94        1.94        
  V1345_Cen             6.942    0.033   223.24   1.905       1.905       
  OGLE-GD-CEP-0986      5.862    0.027   231.2    4.12        4.12        
  V_____Cen             7.595    0.016   236.19   1.365       1.365       
  TX____Cen             6.303    0.049   243.53   2.27        2.27        
  V1210_Cen             7.273    0.085   254.99   3.56        3.56        
  V737__Cen             7.546    0.02    229.68   0.905       0.905       
  OGLE-GD-CEP-0996      6.423    0.034   248.26   2.06        2.06        
  BP____Cir             7.521    0.017   244.04   0.605       0.605       
  AV____Cir             7.555    0.018   228.29   0.625       0.625       
  OGLE-GD-CEP-1012      5.85     0.04    245.37   2.95        2.95        
  GS____Lup             5.195    0.03    229.85   4.595       4.595       
  EV____Cir             6.24     0.062   229.38   1.88        1.88        
  IQ____Nor             6.718    0.037   251.26   2.16        2.16        
  R_____TrA             7.657    0.014   242.06   0.935       0.935       
  FL____Cir             6.482    0.031   241.1    1.47        1.47        
  OGLE-GD-CEP-1052      5.288    0.043   220.43   6.04        6.04        
  LR____TrA             7.358    0.02    235.86   0.555       0.555       
  OGLE-GD-CEP-1057      5.853    0.043   213.65   2.065       2.065       
  V391__Nor             6.756    0.037   238.22   1.275       1.275       
  OGLE-GD-CEP-1079      5.475    0.14    256.55   2.34        2.34        
  U_____Nor             6.958    0.029   247.93   0.8         0.8         
  OGLE-GD-CEP-1083      5.157    0.041   216.03   1.83        1.83        
  SY____Nor             6.462    0.04    242.15   1.04        1.04        
  J155847-5341.8        6.751    0.023   251.72   0.33        0.33        
  S_____TrA             7.44     0.022   230.17   1.1         1.1         
  J160125-5150.3        6.292    0.038   254.17   0.795       0.795       
  OGLE-GD-CEP-1111      5.309    0.052   231.47   1.495       1.495       
  OGLE-GD-CEP-1114      5.288    0.043   224.98   1.63        1.63        
  TW____Nor             6.224    0.063   249.43   1.475       1.475       
  RS____Nor             6.481    0.035   238.84   1.445       1.445       
  OGLE-GD-CEP-1116      4.602    0.085   188.17   3.34        3.34        
  U_____TrA             7.291    0.027   241.92   1.125       1.125       
  OGLE-GD-CEP-1124      5.714    0.044   228.26   1.035       1.035       
  J161112-522952        5.193    0.102   222.58   3.875       3.875       
  QZ____Nor             6.548    0.031   240.91   0.73        0.73        
  V340__Nor             6.589    0.066   246.05   0.745       0.745       
  GU____Nor             6.752    0.03    238.42   1.135       1.135       
  V397__Nor             5.973    0.05    231.55   1.005       1.005       
  J162811-5111.9        6.633    0.028   246.11   0.895       0.895       
  OGLE-GD-CEP-1165      5.143    0.084   179.09   2.575       2.575       
  OGLE-GD-CEP-1173      4.251    0.107   205.24   3.585       3.585       
  OGLE-GD-CEP-1181      5.172    0.055   217.17   1.06        1.06        
  OGLE-GD-CEP-1187      4.75     0.058   189.29   1.44        1.44        
  KQ____Sco             6.101    0.06    240.29   4.21        4.21        
  OGLE-GD-CEP-1193      5.14     0.055   198.91   1.47        1.47        
  RV____Sco             7.332    0.033   235.63   0.605       0.605       
  BF____Oph             7.299    0.026   248.23   0.21        0.21        
  OGLE-BLG-CEP-104      4.804    0.07    221.07   1.5         1.5         
  V470__Sco             6.557    0.047   231.38   0.45        0.45        
  OGLE-BLG-CEP-111      4.895    0.088   188.21   2.295       2.295       
  V482__Sco             7.186    0.027   234.72   0.285       0.285       
  J173550.78-323056.7   5.048    0.14    213.35   1.735       1.735       
  OGLE-BLG-CEP-125      4.896    0.119   227.33   2.555       2.555       
  V950__Sco             7.181    0.029   236.35   0.315       0.315       
  J173848-3304.4        6.876    0.034   236.02   0.3         0.3         
  V2744_Oph             6.744    0.043   251.04   0.315       0.315       
  V500__Sco             6.7      0.039   244.45   0.335       0.335       
  RY____Sco             6.689    0.07    241.39   0.885       0.885       
  V773__Sgr             6.613    0.041   248.06   0.335       0.335       
  V5738_Sgr             5.715    0.096   235.49   0.59        0.59        
  CR____Ser             6.585    0.05    242.97   1.515       1.515       
  V536__Ser             5.747    0.09    230.53   1.275       1.275       
  VY____Sgr             5.785    0.085   244.04   2.385       2.385       
  AP____Sgr             7.291    0.022   234.13   0.73        0.73        
  V412__Ser             6.601    0.042   236.26   1.01        1.01        
  OGLE-BLG-CEP-150      4.812    0.071   196.39   2.14        2.14        
  V1954_Sgr             5.8      0.06    228.88   1.515       1.515       
  WZ____Sgr             6.359    0.076   250.72   1.37        1.37        
  V5567_Sgr             6.025    0.082   280.78   1.39        1.39        
  Y_____Sgr             7.58     0.02    224.53   0.775       0.775       
  V458__Sct             6.603    0.051   253.27   1.22        1.22        
  XX____Sgr             6.784    0.056   245.08   0.965       0.965       
  J182714-1507.1        5.979    0.097   229.76   1.455       1.455       
  X_____Sct             6.522    0.038   233.92   2.64        2.64        
  UZ____Sct             5.215    0.074   239.27   1.68        1.68        
  U_____Sgr             7.459    0.032   232.6    0.6         0.6         
  V367__Sct             6.363    0.044   241.13   0.845       0.845       
  J279.0161-07.9499     5.21     0.114   251.08   1.585       1.585       
  BQ____Ser             7.268    0.029   249.2    2.94        2.94        
  J183652-0907.1        6.392    0.029   238.31   1.2         1.2         
  EW____Sct             7.66     0.021   243.05   1.18        1.18        
  Y_____Sct             6.578    0.05    227.87   1.145       1.145       
  J183848-1324.8        7.048    0.043   237.56   2.005       2.005       
  OGLE-GD-CEP-1209      5.404    0.092   212.5    1.38        1.38        
  OGLE-GD-CEP-1213      4.736    0.068   206.05   3.255       3.255       
  CK____Sct             6.268    0.051   246.13   0.86        0.86        
  OGLE-GD-CEP-1219      4.416    0.148   241.8    4.555       4.555       
  CN____Sct             5.919    0.061   235.43   3.55        3.55        
  J280.6497-05.2660     5.019    0.068   241.45   1.745       1.745       
  SS____Sct             7.183    0.025   247.82   0.665       0.665       
  OGLE-GD-CEP-1225      5.332    0.051   244.73   2.805       2.805       
  OGLE-GD-CEP-1227      5.145    0.056   209.56   1.46        1.46        
  FT____Sct             5.54     0.051   242.54   1.355       1.355       
  OGLE-GD-CEP-1237      5.069    0.064   233.65   2.195       2.195       
  J184741-0654.4        5.883    0.064   263.41   0.76        0.76        
  YZ____Sgr             6.931    0.041   240.6    1.24        1.24        
  BX____Sct             6.378    0.066   239.28   0.955       0.955       
  V480__Aql             6.149    0.058   235.02   3.675       3.675       
  V1495_Aql             5.715    0.05    233.91   3.86        3.86        
  OGLE-GD-CEP-1252      5.568    0.068   233.44   2.175       2.175       
  V1496_Aql             5.268    0.072   249.64   2.575       2.575       
  V800__Aql             13.731   0.89    171.59   8.28        8.28        
  OGLE-GD-CEP-1259      6.169    0.194   256.54   4.0         4.0         
  V493__Aql             6.352    0.049   240.4    2.44        2.44        
  OGLE-GD-CEP-1264      6.211    0.038   256.27   1.57        1.57        
  CoRoT211626074        6.373    0.029   248.1    1.18        1.18        
  J285.7178+04.5198     6.236    0.077   245.06   4.185       4.185       
  J190559.09+160552.9   6.851    0.142   257.46   3.81        3.81        
  FM____Aql             7.454    0.017   222.91   2.49        2.49        
  V916__Aql             6.421    0.031   212.71   0.6         0.6         
  V1344_Aql             7.252    0.029   222.21   0.79        0.79        
  FN____Aql             7.039    0.032   227.15   1.135       1.135       
  V1837_Aql             6.494    0.044   229.1    1.145       1.145       
  V526__Aql             5.483    0.059   192.23   4.345       4.345       
  J288.9704+12.6190     6.057    0.022   236.51   3.455       3.455       
  J191719+0757.7        7.426    0.039   236.54   0.835       0.835       
  V367__Sge             7.273    0.022   234.95   1.775       1.775       
  V1803_Aql             7.176    0.024   224.79   2.94        2.94        
  J290.1907+18.1331     6.454    0.011   215.44   1.64        1.64        
  J192052.46+153315.1   6.293    0.017   216.04   2.39        2.39        
  J192310+1351.4        7.124    0.02    241.76   0.7         0.7         
  J192832.20+104812.6   5.898    0.005   213.6    3.325       3.325       
  V377__Sge             6.585    0.006   234.87   1.535       1.535       
  J292.3844+18.7263     6.605    0.021   223.76   1.185       1.185       
  GX____Sge             6.623    0.011   222.53   1.43        1.43        
  V364__Sge             6.597    0.007   215.39   2.5         2.5         
  J292.9845+18.5534     6.555    0.006   233.49   3.63        3.63        
  J193320.52+201705.8   6.681    0.002   218.21   3.32        3.32        
  V471__Vul             6.666    0.008   208.78   1.87        1.87        
  GY____Sge             6.908    0.021   230.29   3.065       3.065       
  V355__Sge             6.717    0.015   218.49   1.8         1.8         
  J193606.44+215011.4   6.85     0.011   235.83   1.115       1.115       
  J294.1271+20.0413     6.71     0.006   222.65   1.52        1.52        
  J193902.85+242306.2   7.055    0.014   244.44   2.335       2.335       
  DG____Sge             6.825    0.019   242.71   2.76        2.76        
  V474__Vul             6.928    0.009   208.83   6.075       6.075       
  V410__Vul             6.978    0.004   226.59   3.015       3.015       
  J194440.88+245526.9   8.027    0.096   259.87   2.995       2.995       
  BR____Vul             7.261    0.015   218.28   2.44        2.44        
  J194638.36+263626.3   7.572    0.063   233.91   4.61        4.61        
  V415__Vul             7.082    0.0     224.82   1.025       1.025       
  J296.7150+23.2350     7.205    0.051   201.61   3.91        3.91        
  J194709.17+230600.7   6.987    0.003   215.19   1.78        1.78        
  V1154_Cyg             7.893    0.002   245.73   2.555       2.555       
  S_____Vul             7.238    0.002   234.68   1.35        1.35        
  J297.2025+28.4100     8.797    0.109   216.26   3.965       3.965       
  DaubanV18             8.765    0.137   225.86   3.57        3.57        
  J297.7863+25.3136     7.334    0.009   226.17   0.785       0.785       
  EU____Cyg             12.375   0.459   230.81   6.12        6.12        
  SV____Vul             7.388    0.02    231.1    2.155       2.155       
  J298.2928+29.8739     8.22     0.067   214.39   3.81        3.81        
  J298.5070+26.9338     7.348    0.02    226.61   5.89        5.89        
  J195413.18+292039.1   7.402    0.006   236.35   3.7         3.7         
  EX____Cyg             7.526    0.015   245.82   2.085       2.085       
  J195424.41+301406.3   8.376    0.078   249.03   3.69        3.69        
  IY____Cyg             8.616    0.136   266.6    4.645       4.645       
  X_____Vul             7.685    0.011   221.61   1.46        1.46        
  DG____Vul             7.361    0.008   232.97   2.965       2.965       
  J299.6711+28.6617     7.688    0.043   229.23   3.82        3.82        
  HO____Vul             7.341    0.017   233.33   2.44        2.44        
  V1020_Cyg             7.621    0.01    250.61   4.38        4.38        
  GH____Cyg             7.486    0.007   232.51   5.115       5.115       
  GI____Cyg             7.638    0.01    228.36   1.565       1.565       
  J300.0102+29.1869     7.425    0.004   214.66   3.64        3.64        
  V1025_Cyg             7.702    0.035   219.55   3.495       3.495       
  KL____Aql             6.696    0.016   217.44   2.775       2.775       
  J200127.53+324812.0   7.717    0.021   242.79   3.07        3.07        
  J300.3673+31.6179     9.293    0.15    246.91   2.78        2.78        
  J300.5755+31.8564     8.692    0.085   209.05   2.65        2.65        
  V572_Aql              5.41     0.01    211.76   1.84        1.84        
  J300.8084+30.7858     8.724    0.154   246.9    2.505       2.505       
  V1467_Cyg             9.06     0.131   220.69   3.335       3.335       
  V1033_Cyg             7.699    0.016   218.78   3.83        3.83        
  J200636.68+323310.9   8.01     0.036   222.64   7.515       7.515       
  V1364_Cyg             8.283    0.068   254.76   4.2         4.2         
  V402__Cyg             7.783    0.001   226.27   2.875       2.875       
  V492__Cyg             7.867    0.015   232.88   2.035       2.035       
  J201113.71+321605.9   7.673    0.012   215.53   1.935       1.935       
  J201151.18+342447.2   8.181    0.045   234.55   3.72        3.72        
  J201309.07+323711.2   8.374    0.062   224.84   2.71        2.71        
  V2475_Cyg             7.808    0.012   228.84   2.325       2.325       
  V495__Cyg             7.743    0.001   227.67   2.875       2.875       
  V1046_Cyg             7.841    0.007   249.64   2.855       2.855       
  J201648.63+382036.2   10.287   0.144   218.78   4.225       4.225       
  V438__Cyg             7.903    0.001   227.24   3.205       3.205       
  J304.7290+37.9480     10.997   0.285   220.18   4.585       4.585       
  J304.8116+36.6097     7.874    0.01    244.47   0.915       0.915       
  J202341.18+382700.1   7.885    0.002   240.64   1.76        1.76        
  KX____Cyg             7.96     0.006   259.75   5.07        5.07        
  SZ____Cyg             8.19     0.016   266.75   3.06        3.06        
  V514__Cyg             8.133    0.006   227.26   2.085       2.085       
  J311.5581+43.2128     8.117    0.01    223.64   1.87        1.87        
  J205012.03+454156.1   9.889    0.087   207.88   3.95        3.95        
  V1662_Cyg             8.301    0.026   229.15   2.425       2.425       
  V1533_Cyg             8.746    0.04    222.04   4.96        4.96        
  T_____Vul             7.934    0.004   230.49   1.15        1.15        
  J313.3564+46.7215     11.744   0.146   208.98   2.03        2.03        
  J205425.66+454331.0   8.82     0.051   222.67   2.38        2.38        
  J314.4569+46.8984     8.66     0.027   234.4    1.5         1.5         
  J205916.93+443346.1   9.519    0.141   200.21   2.245       2.245       
  J314.9567+46.5590     8.729    0.037   217.53   1.59        1.59        
  VY____Cyg             8.085    0.007   239.24   2.89        2.89        
  J316.0894+45.2393     11.107   0.292   212.79   3.905       3.905       
  J210602.79+490633.2   9.771    0.089   210.92   4.03        4.03        
  DT____Cyg             7.984    0.003   240.49   0.47        0.47        
  V356__Cyg             9.379    0.085   208.8    2.4         2.4         
  J317.1508+49.2492     11.675   0.168   208.02   5.14        5.14        
  J318.1744+52.5020     8.629    0.026   225.54   2.23        2.23        
  Be55-107              8.642    0.032   235.24   1.29        1.29        
  J319.3998+49.7171     9.86     0.078   195.51   2.19        2.19        
  J212535.46+523911.8   9.23     0.046   208.48   1.98        1.98        
  V2340_Cyg             8.785    0.047   214.51   1.51        1.51        
  J322.4078+55.7970     11.612   0.164   237.99   2.565       2.565       
  V1726_Cyg             8.439    0.018   244.55   0.3         0.3         
  V621__Cyg             9.706    0.088   233.63   4.07        4.07        
  J323.3006+52.8836     8.931    0.029   219.43   1.5         1.5         
  V733__Cyg             9.223    0.041   213.53   2.905       2.905       
  V739__Cep             11.276   0.129   215.71   1.945       1.945       
  J213533.70+533049.3   9.574    0.046   205.79   1.07        1.07        
  J324.2208+52.2014     10.82    0.104   225.93   1.98        1.98        
  V538__Cyg             8.662    0.031   251.49   2.02        2.02        
  J213808.16+530545.8   10.629   0.088   222.54   2.0         2.0         
  J326.3266+54.4963     9.359    0.04    245.07   0.6         0.6         
  V2650_Cyg             9.573    0.06    216.4    3.89        3.89        
  V859__Cep             10.374   0.068   221.36   1.31        1.31        
  V860__Cep             9.43     0.045   214.1    2.25        2.25        
  J327.1206+53.0284     9.889    0.109   219.43   2.055       2.055       
  J215613.64+525909.7   9.622    0.066   222.01   1.795       1.795       
  IR____Cep             8.294    0.008   246.01   1.835       1.835       
  CP____Cep             9.474    0.054   253.66   4.65        4.65        
  BG____Lac             8.355    0.013   228.36   1.99        1.99        
  J330.6217+57.1439     11.352   0.104   207.62   2.18        2.18        
  IY____Cep             10.406   0.12    215.33   3.02        3.02        
  Y_____Lac             8.669    0.029   240.21   3.795       3.795       
  KO____Cep             10.007   0.062   212.09   2.52        2.52        
  J221347.38+552438.6   11.409   0.162   221.74   1.35        1.35        
  J221936.83+574243.6   9.896    0.054   209.7    5.515       5.515       
  J222004.81+560339.3   10.191   0.094   223.54   2.17        2.17        
  J335.2857+58.9209     9.68     0.041   212.38   1.095       1.095       
  DF____Lac             10.034   0.09    219.5    1.85        1.85        
  V411__Lac             8.396    0.011   225.32   0.73        0.73        
  del___Cep             8.164    0.004   228.02   1.785       1.785       
  V901__Cep             9.336    0.036   219.17   2.425       2.425       
  V911__Cep             9.311    0.034   224.27   2.075       2.075       
  V_____Lac             8.735    0.024   221.3    1.375       1.375       
  X_____Lac             8.788    0.028   236.99   1.295       1.295       
  V529__Cep             9.878    0.079   210.58   1.89        1.89        
  V342__Cas             9.85     0.078   226.78   2.485       2.485       
  SW____Cas             8.966    0.035   240.27   2.355       2.355       
  CH____Cas             9.565    0.046   234.71   2.3         2.3         
  CN____Cep             9.878    0.08    227.86   2.845       2.845       
  PW____Cas             11.177   0.11    223.27   1.995       1.995       
  V1020_Cas             9.803    0.056   212.06   1.805       1.805       
  V846__Cas             10.356   0.096   207.03   1.885       1.885       
  DT____Cas             9.956    0.074   189.75   1.525       1.525       
  RS____Cas             8.773    0.021   226.88   3.75        3.75        
  DW____Cas             9.35     0.059   231.02   2.17        2.17        
  CZ____Cas             9.92     0.056   203.36   2.335       2.335       
  CD____Cas             9.352    0.042   218.13   3.4         3.4         
  V407__Cas             10.432   0.077   211.85   1.44        1.44        
  V1206_Cas             10.568   0.096   237.48   1.64        1.64        
  DD____Cas             9.867    0.054   201.69   1.13        1.13        
  CE__Cas_A             9.476    0.07    207.39   6.83        6.83        
  CF____Cas             9.82     0.073   210.96   2.185       2.185       
